Player,Pos,Age,Tm,G,GS,MP,FG,FGA,FG%,3P,3PA,3P%,2P,2PA,2P%,eFG%,FT,FTA,FT%,ORB,DRB,TRB,AST,STL,BLK,TOV,PF,PTS
Kareem Abdul-Jabbar*,C,37,LAL,79,79,2630,723,1207,0.599,0,1,0.0,723,1206,0.6,0.599,289,395,0.732,162,460,622,249,63,162,197,238,1735
Alvan Adams,PF,30,PHO,82,69,2136,476,915,0.52,0,0,0.0,476,915,0.52,0.52,250,283,0.883,153,347,500,308,115,48,197,254,1202
Mark Aguirre,SF,25,DAL,80,79,2699,794,1569,0.506,27,85,0.318,767,1484,0.517,0.515,440,580,0.759,188,289,477,249,60,24,253,250,2055
Danny Ainge,SG,25,BOS,75,73,2564,419,792,0.529,15,56,0.268,404,736,0.5489999999999999,0.539,118,136,0.868,76,192,268,399,122,6,149,228,971
Chuck Aleksinas,C,25,GSW,74,4,1114,161,337,0.478,0,1,0.0,161,336,0.479,0.478,55,75,0.733,87,183,270,36,15,15,72,171,377
J.J. Anderson,SF,24,UTA,44,0,457,61,149,0.409,0,2,0.0,61,147,0.415,0.409,27,45,0.6,29,53,82,21,29,9,32,70,149
Ron Anderson,SF,26,CLE,36,7,520,84,195,0.431,1,2,0.5,83,193,0.43,0.433,41,50,0.82,39,49,88,34,9,7,34,40,210
John Bagley,PG,24,CLE,81,65,2401,338,693,0.488,3,26,0.115,335,667,0.502,0.49,125,167,0.7490000000000001,54,237,291,697,129,5,207,132,804
James Bailey,PF,27,NYK,74,28,1297,156,349,0.447,0,1,0.0,156,348,0.44799999999999995,0.447,73,108,0.6759999999999999,122,222,344,39,30,50,100,286,385
Thurl Bailey,PF,23,UTA,80,68,2481,507,1034,0.49,1,1,1.0,506,1033,0.49,0.491,197,234,0.8420000000000001,153,372,525,138,51,105,152,215,1212
Greg Ballard,SF,30,WSB,82,77,2664,469,978,0.48,14,46,0.304,455,932,0.488,0.48700000000000004,120,151,0.795,150,381,531,208,100,33,106,221,1072
Gene Banks,SF,25,SAS,82,41,2091,289,493,0.586,1,3,0.33299999999999996,288,490,0.588,0.5870000000000001,199,257,0.774,133,312,445,234,65,13,140,220,778
Ken Bannister,PF,24,NYK,75,50,1404,209,445,0.47,0,0,0.0,209,445,0.47,0.47,91,192,0.474,108,222,330,39,38,40,141,279,509
Charles Barkley*,PF,21,PHI,82,60,2347,427,783,0.545,1,6,0.16699999999999998,426,777,0.5479999999999999,0.546,293,400,0.733,266,437,703,155,95,80,209,301,1148
Kent Benson,C,30,DET,72,35,1401,201,397,0.506,0,3,0.0,201,394,0.51,0.506,76,94,0.809,103,221,324,93,53,44,68,207,478
Larry Bird*,SF,28,BOS,80,77,3161,918,1760,0.522,56,131,0.42700000000000005,862,1629,0.529,0.5379999999999999,403,457,0.882,164,678,842,531,129,98,248,208,2295
Otis Birdsong,SG,29,NJN,56,45,1842,495,968,0.511,4,21,0.19,491,947,0.518,0.513,161,259,0.622,60,88,148,232,84,7,117,145,1155
Rolando Blackman,SG,25,DAL,81,80,2834,625,1230,0.508,6,20,0.3,619,1210,0.512,0.511,342,413,0.828,107,193,300,289,61,16,162,96,1598
Cory Blackwell,SF,21,SEA,60,0,551,87,237,0.36700000000000005,0,2,0.0,87,235,0.37,0.36700000000000005,28,55,0.509,42,54,96,26,25,3,44,55,202
Sam Bowie,C,23,POR,76,62,2216,299,557,0.537,0,0,0.0,299,557,0.537,0.537,160,225,0.711,207,449,656,215,55,203,172,278,758
Dudley Bradley,SG,27,WSB,73,24,1232,142,299,0.475,20,64,0.313,122,235,0.519,0.508,54,79,0.684,34,100,134,173,96,21,84,152,358
Mike Bratz,PG,29,GSW,56,6,746,106,250,0.424,6,26,0.231,100,224,0.446,0.436,69,82,0.841,11,47,58,122,47,4,54,76,287
Randy Breuer,C,24,MIL,78,0,1083,162,317,0.511,0,0,0.0,162,317,0.511,0.511,89,127,0.701,92,164,256,40,21,82,63,179,413
Ron Brewer,SG,29,TOT,20,0,326,62,118,0.525,0,2,0.0,62,116,0.534,0.525,23,25,0.92,9,12,21,17,6,6,9,23,147
Frank Brickowski,C,25,SEA,78,9,1115,150,305,0.49200000000000005,0,4,0.0,150,301,0.498,0.49200000000000005,85,127,0.669,76,184,260,100,34,15,100,171,385
Junior Bridgeman,SF,31,LAC,80,15,2042,460,990,0.465,14,39,0.359,446,951,0.469,0.47200000000000003,181,206,0.879,55,175,230,171,47,18,116,128,1115
Rickey Brown,C,26,ATL,69,5,814,78,192,0.406,0,0,0.0,78,192,0.406,0.406,39,68,0.574,76,147,223,25,19,22,51,117,195
Tony Brown,SF,24,IND,82,26,1586,214,465,0.46,0,6,0.0,214,459,0.466,0.46,116,171,0.6779999999999999,146,142,288,159,59,12,116,212,544
Wallace Bryant,C,25,DAL,56,35,860,67,148,0.45299999999999996,0,0,0.0,67,148,0.45299999999999996,0.45299999999999996,30,44,0.682,74,167,241,84,21,24,46,110,164
Quinn Buckner,PG,30,BOS,75,6,858,74,193,0.38299999999999995,0,1,0.0,74,192,0.385,0.38299999999999995,32,50,0.64,26,61,87,148,63,2,67,142,180
Steve Burtt,SG,22,GSW,47,0,418,72,188,0.38299999999999995,0,1,0.0,72,187,0.385,0.38299999999999995,53,77,0.688,10,18,28,20,21,4,33,76,197
Don Buse,PG,34,KCK,65,14,939,82,203,0.40399999999999997,31,87,0.35600000000000004,51,116,0.44,0.48,23,30,0.767,21,40,61,203,38,1,45,75,218
Michael Cage,PF,23,LAC,75,41,1610,216,398,0.5429999999999999,0,0,0.0,216,398,0.5429999999999999,0.5429999999999999,101,137,0.737,126,266,392,51,41,32,81,164,533
Tony Campbell,SF,22,DET,56,0,625,130,262,0.496,0,1,0.0,130,261,0.498,0.496,56,70,0.8,41,48,89,24,28,3,69,107,316
Rick Carlisle,SG,25,BOS,38,0,179,26,67,0.38799999999999996,0,2,0.0,26,65,0.4,0.38799999999999996,15,17,0.882,8,13,21,25,3,0,19,21,67
Antoine Carr,PF,23,ATL,62,15,1195,198,375,0.528,2,6,0.33299999999999996,196,369,0.531,0.531,101,128,0.789,79,153,232,80,29,78,108,219,499
Kenny Carr,PF,29,POR,48,30,1120,190,363,0.523,0,3,0.0,190,360,0.528,0.523,118,164,0.72,90,233,323,56,25,17,100,141,498
M.L. Carr,SF,34,BOS,47,0,397,62,149,0.41600000000000004,9,23,0.391,53,126,0.42100000000000004,0.446,17,17,1.0,21,22,43,24,21,6,24,44,150
Butch Carter,SG,26,NYK,69,11,1279,214,476,0.45,11,43,0.256,203,433,0.469,0.461,109,134,0.813,36,59,95,167,57,5,109,151,548
Howard Carter,SG,23,DAL,11,0,66,4,23,0.174,0,3,0.0,4,20,0.2,0.174,1,1,1.0,1,2,3,4,1,0,8,4,9
Harvey Catchings,C,33,LAC,70,14,1049,72,149,0.483,0,1,0.0,72,148,0.486,0.483,59,89,0.6629999999999999,89,173,262,14,15,57,55,162,203
Ron Cavenall,C,25,NYK,53,2,653,28,86,0.326,0,0,0.0,28,86,0.326,0.326,22,39,0.564,53,113,166,19,12,42,45,123,78
Tom Chambers,PF,25,SEA,81,60,2923,629,1302,0.483,6,22,0.273,623,1280,0.48700000000000004,0.485,475,571,0.8320000000000001,164,415,579,209,70,57,260,312,1739
Maurice Cheeks*,PG,28,PHI,78,78,2616,422,741,0.57,6,26,0.231,416,715,0.5820000000000001,0.574,175,199,0.879,54,163,217,497,169,24,155,184,1025
Carlos Clark,SG,24,BOS,62,3,562,64,152,0.42100000000000004,0,5,0.0,64,147,0.435,0.42100000000000004,41,53,0.774,29,40,69,48,35,2,42,66,169
Don Collins,SG,26,WSB,11,0,91,12,34,0.353,0,0,0.0,12,34,0.353,0.353,8,9,0.889,10,9,19,7,7,4,8,5,32
Steve Colter,PG,22,POR,78,22,1462,216,477,0.45299999999999996,26,74,0.35100000000000003,190,403,0.47100000000000003,0.48,98,130,0.754,40,110,150,243,75,9,112,142,556
Lester Conner,PG,25,GSW,79,49,2258,246,546,0.451,4,20,0.2,242,526,0.46,0.45399999999999996,144,192,0.75,87,159,246,369,161,13,138,136,640
Darwin Cook,PG,26,NJN,58,9,1063,212,453,0.46799999999999997,2,23,0.087,210,430,0.488,0.47,47,54,0.87,21,71,92,160,74,10,75,96,473
Jeff Cook,PF,28,TOT,72,5,1288,138,279,0.495,0,1,0.0,138,278,0.496,0.495,47,64,0.7340000000000001,122,192,314,62,30,23,48,203,323
Joe Cooper,C,27,SEA,3,1,45,7,15,0.467,0,0,0.0,7,15,0.467,0.467,3,6,0.5,3,6,9,2,2,1,0,7,17
Michael Cooper,SG,28,LAL,82,20,2189,276,593,0.465,35,123,0.285,241,470,0.513,0.495,115,133,0.865,56,199,255,429,93,49,156,208,702
Wayne Cooper,C,28,DEN,80,78,2031,404,856,0.47200000000000003,0,2,0.0,404,854,0.473,0.47200000000000003,161,235,0.685,229,402,631,86,28,197,149,304,969
Dave Corzine,C,28,CHI,82,50,2062,276,568,0.486,0,1,0.0,276,567,0.48700000000000004,0.486,149,200,0.745,130,292,422,140,32,64,124,189,701
Charlie Criss,PG,36,ATL,4,2,115,7,17,0.41200000000000003,0,2,0.0,7,15,0.467,0.41200000000000003,4,6,0.667,2,12,14,22,3,0,11,5,18
Pat Cummings,C,28,NYK,63,63,2069,410,797,0.514,0,4,0.0,410,793,0.517,0.514,177,227,0.78,139,379,518,109,50,17,166,247,997
Terry Cummings,PF,23,MIL,79,78,2722,759,1532,0.495,0,1,0.0,759,1531,0.496,0.495,343,463,0.741,244,472,716,228,117,67,190,264,1861
Earl Cureton,C,27,DET,81,1,1642,207,428,0.484,0,3,0.0,207,425,0.48700000000000004,0.484,82,144,0.569,169,250,419,83,56,42,114,216,496
Quintin Dailey,SG,24,CHI,79,0,2101,525,1111,0.473,7,30,0.233,518,1081,0.479,0.47600000000000003,205,251,0.8170000000000001,57,151,208,191,71,5,154,192,1262
Adrian Dantley*,SF,28,UTA,55,46,1971,512,964,0.531,0,0,0.0,512,964,0.531,0.531,438,545,0.804,148,175,323,186,57,8,171,133,1462
Brad Davis,PG,29,DAL,82,82,2539,310,614,0.505,47,115,0.409,263,499,0.527,0.5429999999999999,158,178,0.888,39,154,193,581,91,10,123,219,825
Charles Davis,SF,26,TOT,61,2,774,153,356,0.43,1,10,0.1,152,346,0.439,0.431,51,62,0.823,59,94,153,51,22,5,54,113,358
Johnny Davis,PG,29,CLE,76,30,1920,337,791,0.426,12,46,0.261,325,745,0.436,0.434,255,300,0.85,35,84,119,426,43,4,152,136,941
Walter Davis,SG,30,PHO,23,9,570,139,309,0.45,3,10,0.3,136,299,0.455,0.455,64,73,0.877,6,29,35,98,18,0,50,42,345
Darryl Dawkins,C,28,NJN,39,30,972,192,339,0.5660000000000001,0,1,0.0,192,338,0.568,0.5660000000000001,143,201,0.711,55,126,181,45,14,35,93,171,527
Darren Daye,SF,24,WSB,80,8,1573,258,504,0.512,1,7,0.14300000000000002,257,497,0.517,0.513,178,249,0.715,93,179,272,240,53,19,134,164,695
James Donaldson,C,27,LAC,82,58,2392,351,551,0.637,0,0,0.0,351,551,0.637,0.637,227,303,0.7490000000000001,168,500,668,48,28,130,206,217,929
John Drew,SF,30,UTA,19,16,463,107,260,0.41200000000000003,0,4,0.0,107,256,0.418,0.41200000000000003,94,122,0.77,36,46,82,35,22,2,42,65,308
Larry Drew,PG,26,KCK,72,66,2373,457,913,0.501,7,28,0.25,450,885,0.508,0.504,154,194,0.794,39,125,164,484,93,8,179,147,1075
Clyde Drexler*,SG,22,POR,80,43,2555,573,1161,0.494,8,37,0.21600000000000003,565,1124,0.503,0.49700000000000005,223,294,0.759,217,259,476,441,177,68,223,265,1377
Mike Dunleavy,PG,30,MIL,19,19,433,64,135,0.474,16,47,0.34,48,88,0.545,0.5329999999999999,25,29,0.862,6,25,31,85,15,3,40,55,169
T.R. Dunn,SG,29,DEN,81,81,2290,175,358,0.489,0,2,0.0,175,356,0.49200000000000005,0.489,84,116,0.7240000000000001,169,216,385,153,140,14,65,213,434
Devin Durrant,SF,24,IND,59,8,756,114,274,0.41600000000000004,0,3,0.0,114,271,0.42100000000000004,0.41600000000000004,72,102,0.706,49,75,124,80,19,10,77,106,300
Mark Eaton,C,28,UTA,82,82,2813,302,673,0.449,0,0,0.0,302,673,0.449,0.449,190,267,0.7120000000000001,207,720,927,124,36,456,206,312,794
Jerry Eaves,PG,25,ATL,3,0,37,3,6,0.5,0,0,0.0,3,6,0.5,0.5,5,6,0.833,0,0,0,4,0,0,4,6,11
Kenton Edelin,SF,22,IND,10,1,143,4,13,0.308,0,0,0.0,4,13,0.308,0.308,3,8,0.375,8,18,26,10,5,4,3,39,11
Franklin Edwards,PG,25,LAC,16,0,198,36,66,0.545,0,0,0.0,36,66,0.545,0.545,19,24,0.792,3,11,14,38,17,0,17,10,91
James Edwards,C,29,PHO,70,58,1787,384,766,0.501,0,3,0.0,384,763,0.503,0.501,276,370,0.746,95,292,387,153,26,52,162,237,1044
Craig Ehlo,SG,23,HOU,45,0,189,34,69,0.493,0,3,0.0,34,66,0.515,0.493,19,30,0.633,8,17,25,26,11,3,22,26,87
Dale Ellis,SF,24,DAL,72,4,1314,274,603,0.45399999999999996,42,109,0.385,232,494,0.47,0.489,77,104,0.74,100,138,238,56,46,7,58,131,667
Chris Engler,C,25,TOT,11,0,82,8,20,0.4,0,0,0.0,8,20,0.4,0.4,5,9,0.556,12,18,30,0,2,5,2,5,21
Alex English*,SF,31,DEN,81,81,2924,939,1812,0.518,1,5,0.2,938,1807,0.519,0.518,383,462,0.8290000000000001,203,255,458,344,101,46,251,259,2262
Julius Erving*,SF,34,PHI,78,78,2535,610,1236,0.494,3,14,0.214,607,1222,0.49700000000000005,0.495,338,442,0.765,172,242,414,233,135,109,208,199,1561
Mike Evans,SG,29,DEN,81,0,1437,323,661,0.489,57,157,0.363,266,504,0.528,0.532,113,131,0.863,26,93,119,231,65,12,130,174,816
Kenny Fields,SF,22,MIL,51,1,535,84,191,0.44,0,0,0.0,84,191,0.44,0.44,27,36,0.75,41,43,84,38,9,10,32,84,195
Vern Fleming,PG,22,IND,80,65,2486,433,922,0.47,0,4,0.0,433,918,0.47200000000000003,0.47,260,339,0.767,148,175,323,247,99,8,197,232,1126
Sleepy Floyd,SG,24,GSW,82,82,2873,610,1372,0.445,42,143,0.294,568,1229,0.462,0.46,336,415,0.81,62,140,202,406,134,41,251,226,1598
Phil Ford,PG,28,HOU,25,1,290,14,47,0.298,0,4,0.0,14,43,0.326,0.298,16,18,0.889,3,24,27,61,6,1,17,33,44
Rod Foster,PG,24,PHO,79,1,1318,286,636,0.45,41,126,0.325,245,510,0.48,0.48200000000000004,83,110,0.755,27,53,80,186,61,0,117,171,696
World B. Free,SG,31,CLE,71,50,2249,609,1328,0.45899999999999996,71,193,0.368,538,1135,0.474,0.485,308,411,0.7490000000000001,61,150,211,320,75,16,139,163,1597
Bill Garnett,PF,24,IND,65,13,1123,149,310,0.48100000000000004,0,2,0.0,149,308,0.484,0.48100000000000004,120,174,0.69,98,188,286,67,28,15,92,196,418
George Gervin*,SG,32,SAS,72,69,2091,600,1182,0.508,0,10,0.0,600,1172,0.512,0.508,324,384,0.8440000000000001,79,155,234,178,66,48,198,208,1524
Artis Gilmore*,C,35,SAS,81,81,2756,532,854,0.623,0,2,0.0,532,852,0.624,0.623,484,646,0.7490000000000001,231,615,846,131,40,173,241,306,1548
Mike Glenn,SG,29,ATL,60,5,1126,228,388,0.588,0,2,0.0,228,386,0.591,0.588,62,76,0.816,20,61,81,122,27,0,55,74,518
Mike Gminski,C,25,NJN,81,54,2418,380,818,0.465,0,1,0.0,380,817,0.465,0.465,276,328,0.841,229,404,633,158,38,92,136,135,1036
Lancaster Gordon,SG,22,LAC,63,1,682,110,287,0.38299999999999995,2,9,0.222,108,278,0.38799999999999996,0.387,37,49,0.755,26,35,61,88,33,6,69,61,259
Stewart Granger,PG,23,ATL,9,1,92,6,17,0.353,0,1,0.0,6,16,0.375,0.353,4,8,0.5,1,5,6,12,2,0,12,13,16
Butch Graves,SG,23,CLE,4,0,11,2,6,0.33299999999999996,0,1,0.0,2,5,0.4,0.33299999999999996,1,5,0.2,0,2,2,1,1,0,1,4,5
Stuart Gray,C,21,IND,52,0,391,35,92,0.38,0,0,0.0,35,92,0.38,0.38,32,47,0.6809999999999999,29,94,123,15,9,14,51,82,102
Rickey Green,PG,30,UTA,77,77,2431,381,798,0.47700000000000004,6,20,0.3,375,778,0.48200000000000004,0.48100000000000004,232,267,0.8690000000000001,37,152,189,597,132,3,177,131,1000
Sidney Green,PF,24,CHI,48,1,740,108,250,0.43200000000000005,0,4,0.0,108,246,0.439,0.43200000000000005,79,98,0.8059999999999999,72,174,246,29,11,14,68,102,295
Dave Greenwood,PF,27,CHI,61,28,1523,152,332,0.45799999999999996,0,1,0.0,152,331,0.45899999999999996,0.45799999999999996,67,94,0.713,108,280,388,78,34,18,63,190,371
Kevin Grevey,SF,31,MIL,78,6,1182,190,424,0.44799999999999995,8,33,0.242,182,391,0.465,0.45799999999999996,88,107,0.8220000000000001,27,76,103,94,30,2,55,85,476
Darrell Griffith,SG,26,UTA,78,78,2776,728,1593,0.457,92,257,0.358,636,1336,0.47600000000000003,0.486,216,298,0.725,124,220,344,243,133,30,247,178,1764
Ernie Grunfeld,SF,29,NYK,69,0,1061,188,384,0.49,2,8,0.25,186,376,0.495,0.49200000000000005,77,104,0.74,41,110,151,105,50,7,40,129,455
Bob Hansen,SG,24,UTA,54,4,646,110,225,0.489,1,7,0.14300000000000002,109,218,0.5,0.491,40,72,0.556,20,50,70,75,25,1,49,88,261
Bill Hanzlik,SF,27,DEN,80,1,1673,220,522,0.42100000000000004,1,15,0.067,219,507,0.43200000000000005,0.42200000000000004,180,238,0.7559999999999999,88,119,207,210,84,26,115,291,621
Derek Harper,PG,23,DAL,82,1,2218,329,633,0.52,21,61,0.344,308,572,0.5379999999999999,0.536,111,154,0.721,47,152,199,360,144,37,123,194,790
Scott Hastings,PF,24,ATL,64,1,825,89,188,0.473,0,0,0.0,89,188,0.473,0.473,63,81,0.778,59,100,159,46,24,23,50,135,241
Steve Hayes,C,29,PHI,11,0,101,10,18,0.556,0,0,0.0,10,18,0.556,0.556,2,4,0.5,11,23,34,1,1,4,2,19,22
Gerald Henderson,PG,29,SEA,79,78,2648,427,891,0.479,9,38,0.237,418,853,0.49,0.484,199,255,0.78,71,119,190,559,140,9,231,196,1062
Rod Higgins,SF,25,CHI,68,5,942,119,270,0.441,10,37,0.27,109,233,0.46799999999999997,0.45899999999999996,60,90,0.667,55,92,147,73,21,13,49,91,308
Roy Hinson,PF,23,CLE,76,75,2344,465,925,0.503,0,3,0.0,465,922,0.504,0.503,271,376,0.721,186,410,596,68,51,173,171,311,1201
Craig Hodges,SG,24,MIL,82,63,2496,359,732,0.49,47,135,0.348,312,597,0.523,0.523,106,130,0.815,74,112,186,349,96,1,135,262,871
Lionel Hollins,PG,31,HOU,80,60,1950,249,540,0.461,3,13,0.231,246,527,0.467,0.46399999999999997,108,136,0.794,33,140,173,417,78,10,170,187,609
Mike Holton,SG,23,PHO,74,59,1761,257,576,0.446,14,45,0.311,243,531,0.45799999999999996,0.45799999999999996,96,118,0.8140000000000001,30,102,132,198,59,6,123,141,624
Phil Hubbard,SF,28,CLE,76,55,2249,415,822,0.505,0,4,0.0,415,818,0.507,0.505,371,494,0.7509999999999999,214,265,479,114,81,9,178,258,1201
Jay Humphries,SG,22,PHO,80,39,2062,279,626,0.446,4,20,0.2,275,606,0.45399999999999996,0.449,141,170,0.8290000000000001,32,132,164,350,107,8,167,209,703
Geoff Huston,PG,27,CLE,8,0,93,12,25,0.48,0,0,0.0,12,25,0.48,0.48,2,3,0.667,0,1,1,23,0,0,8,8,26
Marc Iavaroni,PF,28,TOT,69,43,1334,162,354,0.45799999999999996,0,4,0.0,162,350,0.46299999999999997,0.45799999999999996,87,128,0.68,95,209,304,119,35,35,119,217,411
Dan Issel*,C,36,DEN,77,9,1684,363,791,0.45899999999999996,1,7,0.14300000000000002,362,784,0.462,0.46,257,319,0.8059999999999999,80,251,331,137,65,31,93,171,984
Ralph Jackson,PG,22,IND,1,0,12,1,3,0.33299999999999996,0,0,0.0,1,3,0.33299999999999996,0.33299999999999996,0,0,0.0,1,0,1,4,2,0,1,1,2
Clemon Johnson,C,28,PHI,58,0,875,117,235,0.498,0,1,0.0,117,234,0.5,0.498,36,49,0.735,92,129,221,33,15,44,43,112,270
Dennis Johnson*,PG,30,BOS,80,77,2976,493,1066,0.462,7,26,0.26899999999999996,486,1040,0.467,0.466,261,306,0.853,91,226,317,543,96,39,212,224,1254
Eddie Johnson,SG,29,ATL,73,66,2367,453,946,0.479,22,72,0.306,431,874,0.493,0.49,265,332,0.7979999999999999,38,154,192,566,43,7,244,184,1193
Eddie Johnson,SF,25,KCK,82,81,3029,769,1565,0.491,13,54,0.24100000000000002,756,1511,0.5,0.496,325,373,0.871,151,256,407,273,83,22,225,237,1876
Frank Johnson,PG,26,WSB,46,1,925,175,358,0.489,6,17,0.353,169,341,0.496,0.49700000000000005,72,96,0.75,23,40,63,143,43,3,59,72,428
George Johnson,C,36,NJN,65,0,800,42,79,0.532,1,1,1.0,41,78,0.526,0.5379999999999999,22,27,0.815,74,111,185,22,19,78,39,151,107
George Johnson,SF,28,PHI,55,3,756,107,263,0.40700000000000003,1,10,0.1,106,253,0.419,0.409,49,56,0.875,48,116,164,38,31,16,49,99,264
Magic Johnson*,PG,25,LAL,77,77,2781,504,899,0.561,7,37,0.18899999999999997,497,862,0.5770000000000001,0.565,391,464,0.843,90,386,476,968,113,25,305,155,1406
Marques Johnson,SF,28,LAC,72,68,2448,494,1094,0.452,3,13,0.231,491,1081,0.45399999999999996,0.45299999999999996,190,260,0.731,188,240,428,248,72,30,176,193,1181
Mickey Johnson,PF,32,GSW,66,9,1565,304,714,0.426,7,30,0.233,297,684,0.434,0.431,260,316,0.823,149,247,396,149,70,35,142,221,875
Steve Johnson,C,27,CHI,74,54,1659,281,516,0.545,0,3,0.0,281,513,0.5479999999999999,0.545,181,252,0.718,146,291,437,64,37,62,151,265,743
Vinnie Johnson,SG,28,DET,82,16,2093,428,942,0.45399999999999996,5,27,0.185,423,915,0.462,0.457,190,247,0.769,134,118,252,325,71,20,135,205,1051
Bobby Jones*,PF,33,PHI,80,8,1633,207,385,0.5379999999999999,0,4,0.0,207,381,0.5429999999999999,0.5379999999999999,186,216,0.861,105,192,297,155,84,50,118,183,600
Caldwell Jones,C,34,CHI,42,32,885,53,115,0.461,0,2,0.0,53,113,0.469,0.461,36,47,0.7659999999999999,49,162,211,34,12,31,40,125,142
Charles Jones,C,23,PHO,78,14,1565,236,454,0.52,0,4,0.0,236,450,0.524,0.52,182,281,0.648,139,255,394,128,45,61,143,149,654
Charles Jones,C-PF,27,TOT,31,4,667,67,127,0.528,0,0,0.0,67,127,0.528,0.528,40,58,0.69,71,113,184,26,22,79,25,107,174
Earl Jones,C,24,LAL,2,0,7,0,1,0.0,0,0,0.0,0,1,0.0,0.0,0,0,0.0,0,0,0,0,0,0,1,0,0
Edgar Jones,PF,28,TOT,44,5,769,130,275,0.473,0,4,0.0,130,271,0.48,0.473,82,111,0.7390000000000001,50,121,171,29,20,29,61,123,342
Major Jones,PF,31,DET,47,0,418,48,87,0.552,0,0,0.0,48,87,0.552,0.552,33,51,0.647,48,80,128,15,9,14,35,58,129
Ozell Jones,C,24,SAS,67,6,888,106,180,0.589,0,1,0.0,106,179,0.5920000000000001,0.589,33,83,0.39799999999999996,65,173,238,56,30,57,61,139,245
Michael Jordan*,SG,21,CHI,82,82,3144,837,1625,0.515,9,52,0.17300000000000001,828,1573,0.526,0.518,630,746,0.845,167,367,534,481,196,69,291,285,2313
Rich Kelley,C,31,UTA,77,34,1276,103,216,0.47700000000000004,0,2,0.0,103,214,0.48100000000000004,0.47700000000000004,84,112,0.75,118,232,350,120,42,30,124,227,290
Clark Kellogg,PF,23,IND,77,65,2449,562,1112,0.505,7,14,0.5,555,1098,0.505,0.509,301,396,0.76,224,500,724,244,86,26,231,247,1432
Greg Kelser,SF,27,IND,10,0,114,21,53,0.396,0,1,0.0,21,52,0.40399999999999997,0.396,20,28,0.7140000000000001,6,13,19,13,7,0,12,16,62
Jerome Kersey,SF,22,POR,77,0,958,178,372,0.478,0,3,0.0,178,369,0.48200000000000004,0.478,117,181,0.6459999999999999,95,111,206,63,49,29,66,147,473
Albert King,SF,25,NJN,42,7,860,226,460,0.491,0,8,0.0,226,452,0.5,0.491,85,104,0.8170000000000001,70,89,159,58,41,9,65,110,537
Bernard King*,SF,28,NYK,55,55,2063,691,1303,0.53,1,10,0.1,690,1293,0.534,0.531,426,552,0.772,114,203,317,204,71,15,204,191,1809
Reggie King,SF,27,SEA,60,5,860,63,149,0.423,0,0,0.0,63,149,0.423,0.423,41,59,0.695,44,78,122,53,28,11,42,74,167
Greg Kite,C,23,BOS,55,4,424,33,88,0.375,0,0,0.0,33,88,0.375,0.375,22,32,0.688,38,51,89,17,3,10,29,84,88
Billy Knight,SF-SG,32,TOT,68,1,800,156,354,0.441,11,25,0.44,145,329,0.441,0.456,64,73,0.877,50,68,118,80,16,2,70,62,387
Joe Kopicki,PF,24,DEN,42,0,308,50,95,0.526,2,3,0.667,48,92,0.522,0.537,43,54,0.7959999999999999,29,57,86,29,13,1,28,58,145
Mitch Kupchak,PF,30,LAL,58,3,716,123,244,0.504,0,0,0.0,123,244,0.504,0.504,60,91,0.659,68,116,184,21,19,20,48,104,306
Tom LaGarde,C,29,NJN,1,0,8,0,1,0.0,0,0,0.0,0,1,0.0,0.0,1,2,0.5,1,1,2,0,0,0,1,2,1
Bill Laimbeer,C,27,DET,82,82,2892,595,1177,0.506,4,18,0.222,591,1159,0.51,0.507,244,306,0.797,295,718,1013,154,69,71,129,308,1438
Allen Leavell,PG,27,HOU,42,0,536,88,209,0.42100000000000004,8,37,0.21600000000000003,80,172,0.465,0.44,44,57,0.772,8,29,37,102,23,4,51,61,228
Ronnie Lester,PG,26,LAL,32,1,278,34,82,0.415,0,1,0.0,34,81,0.42,0.415,21,31,0.677,4,22,26,80,15,3,32,25,89
Fat Lever,PG,24,DEN,82,82,2559,424,985,0.43,6,24,0.25,418,961,0.435,0.434,197,256,0.77,147,264,411,613,202,30,203,226,1051
Cliff Levingston,PF,24,ATL,74,53,2017,291,552,0.527,0,2,0.0,291,550,0.529,0.527,145,222,0.653,230,336,566,104,70,69,133,231,727
Alton Lister,C,26,MIL,81,80,2091,322,598,0.5379999999999999,0,1,0.0,322,597,0.539,0.5379999999999999,154,262,0.588,219,428,647,127,49,167,183,287,798
Lewis Lloyd,SG,25,HOU,82,58,2128,457,869,0.526,2,8,0.25,455,861,0.528,0.527,161,220,0.732,98,133,231,280,73,28,177,196,1077
John Long,SG,28,DET,66,55,1820,431,885,0.48700000000000004,5,15,0.33299999999999996,426,870,0.49,0.49,106,123,0.862,81,109,190,130,71,14,98,139,973
Sidney Lowe,PG,25,TOT,21,0,190,10,27,0.37,0,1,0.0,10,26,0.385,0.37,8,8,1.0,4,12,16,50,11,0,13,28,28
John Lucas,PG,31,HOU,47,21,1158,206,446,0.462,21,66,0.318,185,380,0.48700000000000004,0.485,103,129,0.7979999999999999,21,64,85,318,62,2,102,78,536
Maurice Lucas,PF,32,PHO,63,22,1670,346,727,0.47600000000000003,0,4,0.0,346,723,0.479,0.47600000000000003,150,200,0.75,138,419,557,145,39,17,151,183,842
Kyle Macy,PG,27,PHO,65,52,2018,282,582,0.485,23,85,0.271,259,497,0.521,0.504,127,140,0.907,33,146,179,380,85,3,111,128,714
Rick Mahorn,PF,26,WSB,77,63,2072,206,413,0.499,0,0,0.0,206,413,0.499,0.499,71,104,0.6829999999999999,150,458,608,121,59,104,133,308,483
Jeff Malone,SG,23,WSB,76,61,2613,605,1213,0.499,15,72,0.20800000000000002,590,1141,0.517,0.505,211,250,0.8440000000000001,60,146,206,184,52,9,107,176,1436
Moses Malone*,C,29,PHI,79,79,2957,602,1284,0.469,0,2,0.0,602,1282,0.47,0.469,737,904,0.815,385,646,1031,130,67,123,286,216,1941
Pace Mannion,SF,24,UTA,34,0,190,27,63,0.429,0,1,0.0,27,62,0.435,0.429,16,23,0.696,12,11,23,27,16,3,18,17,70
Wes Matthews,PG,25,CHI,78,38,1523,191,386,0.495,2,16,0.125,189,370,0.511,0.49700000000000005,59,85,0.6940000000000001,16,51,67,354,73,12,124,133,443
Cedric Maxwell,SF,29,BOS,57,51,1495,201,377,0.5329999999999999,0,2,0.0,201,375,0.536,0.5329999999999999,231,278,0.831,98,144,242,102,36,15,98,140,633
Bob McAdoo*,C,33,LAL,66,0,1254,284,546,0.52,0,1,0.0,284,545,0.521,0.52,122,162,0.753,79,216,295,67,18,53,95,170,690
Tim McCormick,C,22,SEA,78,27,1584,269,483,0.557,0,1,0.0,269,482,0.5579999999999999,0.557,188,263,0.715,146,252,398,78,18,33,114,207,726
Rodney McCray,SF,23,HOU,82,82,3001,476,890,0.535,0,6,0.0,476,884,0.5379999999999999,0.535,231,313,0.738,201,338,539,355,90,75,178,215,1183
Scooter McCray,PF,24,SEA,6,0,93,6,10,0.6,0,0,0.0,6,10,0.6,0.6,3,4,0.75,6,11,17,7,1,3,10,13,15
Hank McDowell,PF,25,HOU,34,0,132,20,42,0.47600000000000003,0,1,0.0,20,41,0.488,0.47600000000000003,7,10,0.7,7,15,22,9,3,5,8,22,47
Mike McGee,SF,25,LAL,76,3,1170,329,612,0.5379999999999999,22,61,0.361,307,551,0.557,0.556,94,160,0.588,97,68,165,71,39,7,81,147,774
Kevin McHale*,PF,27,BOS,79,31,2653,605,1062,0.57,0,6,0.0,605,1056,0.573,0.57,355,467,0.76,229,483,712,141,28,120,157,234,1565
Kevin McKenna,SG,26,NJN,29,7,535,61,134,0.455,5,13,0.385,56,121,0.46299999999999997,0.474,38,43,0.884,20,29,49,58,30,7,32,63,165
Tom McMillen,C,32,WSB,69,21,1547,252,534,0.47200000000000003,0,5,0.0,252,529,0.47600000000000003,0.47200000000000003,112,135,0.83,64,146,210,52,8,17,44,163,616
Mark McNamara,C,25,TOT,45,0,273,40,76,0.526,0,0,0.0,40,76,0.526,0.526,32,62,0.516,31,43,74,6,7,8,19,27,112
Joe Meriweather,C,31,KCK,76,4,1061,121,243,0.498,1,2,0.5,120,241,0.498,0.5,96,124,0.774,94,169,263,27,17,28,50,181,339
Larry Micheaux,PF,24,TOT,57,0,565,91,157,0.58,0,3,0.0,91,154,0.591,0.58,29,43,0.674,62,81,143,30,20,21,36,75,211
Mike Mitchell,SF,29,SAS,82,82,2853,775,1558,0.49700000000000005,5,23,0.217,770,1535,0.502,0.499,269,346,0.777,145,272,417,151,61,27,144,219,1824
Paul Mokeski,C,28,MIL,79,6,1586,205,429,0.478,0,2,0.0,205,427,0.48,0.478,81,116,0.698,107,303,410,99,28,35,85,266,491
Sidney Moncrief*,PG,27,MIL,73,72,2734,561,1162,0.483,9,33,0.273,552,1129,0.489,0.48700000000000004,454,548,0.828,149,242,391,382,117,39,184,197,1585
Johnny Moore,PG,26,SAS,82,82,2689,416,910,0.457,25,89,0.281,391,821,0.47600000000000003,0.47100000000000003,189,248,0.762,94,284,378,816,229,18,236,247,1046
Jay Murphy,PF,22,LAC,23,0,149,8,50,0.16,0,1,0.0,8,49,0.163,0.16,12,21,0.5710000000000001,6,35,41,4,1,2,8,21,28
Larry Nance,PF,25,PHO,61,55,2202,515,877,0.5870000000000001,1,2,0.5,514,875,0.5870000000000001,0.588,180,254,0.7090000000000001,195,341,536,159,88,104,136,185,1211
Calvin Natt,PF,28,DEN,78,76,2657,685,1255,0.546,0,3,0.0,685,1252,0.547,0.546,447,564,0.7929999999999999,209,401,610,238,75,33,190,182,1817
Kenny Natt,SG,26,TOT,8,0,29,2,6,0.33299999999999996,0,0,0.0,2,6,0.33299999999999996,0.33299999999999996,2,4,0.5,2,1,3,3,2,0,3,3,6
Ed Nealy,PF,24,KCK,22,0,225,26,44,0.591,0,0,0.0,26,44,0.591,0.591,10,19,0.526,15,29,44,18,3,1,12,26,62
Chuck Nevitt,C,25,LAL,11,0,59,5,17,0.294,0,0,0.0,5,17,0.294,0.294,2,8,0.25,5,15,20,3,0,15,10,20,12
Kurt Nimphius,C,26,DAL,82,40,2010,196,434,0.452,0,6,0.0,196,428,0.45799999999999996,0.452,108,140,0.7709999999999999,136,272,408,183,30,126,95,262,500
Norm Nixon,PG,29,LAC,81,81,2894,596,1281,0.465,33,99,0.33299999999999996,563,1182,0.47600000000000003,0.478,170,218,0.78,55,163,218,711,95,4,273,175,1395
Audie Norris,C,24,POR,78,13,1117,133,245,0.5429999999999999,0,3,0.0,133,242,0.55,0.5429999999999999,135,203,0.665,90,160,250,47,42,33,100,221,401
Mike O'Koren,SF,26,NJN,43,29,1119,194,393,0.494,8,21,0.381,186,372,0.5,0.504,42,67,0.627,46,120,166,102,32,16,51,115,438
Hakeem Olajuwon*,C,22,HOU,82,82,2914,677,1258,0.5379999999999999,0,0,0.0,677,1258,0.5379999999999999,0.5379999999999999,338,551,0.613,440,534,974,111,99,220,234,344,1692
Mark Olberding,PF,28,KCK,81,62,2277,265,528,0.502,0,3,0.0,265,525,0.505,0.502,293,352,0.8320000000000001,139,374,513,243,56,11,185,298,823
Jawann Oldham,C,27,CHI,63,0,993,89,192,0.46399999999999997,0,1,0.0,89,191,0.466,0.46399999999999997,34,50,0.68,79,157,236,31,11,127,58,166,212
Louis Orr,PF,26,NYK,79,31,2452,372,766,0.486,1,10,0.1,371,756,0.491,0.486,262,334,0.784,171,220,391,134,100,27,138,195,1007
Robert Parish*,C,31,BOS,79,78,2850,551,1016,0.542,0,0,0.0,551,1016,0.542,0.542,292,393,0.743,263,577,840,125,56,101,186,223,1394
Billy Paultz,C,36,UTA,62,0,370,32,87,0.368,0,0,0.0,32,87,0.368,0.368,18,28,0.643,24,72,96,16,6,11,30,51,82
Jim Paxson,SG,27,POR,68,57,2253,508,988,0.514,6,39,0.154,502,949,0.529,0.517,196,248,0.79,69,153,222,264,101,5,108,115,1218
John Paxson,PG,24,SAS,78,1,1259,196,385,0.509,10,34,0.294,186,351,0.53,0.522,84,100,0.84,19,49,68,215,45,3,81,117,486
Sam Perkins,PF,23,DAL,82,42,2317,347,736,0.47100000000000003,9,36,0.25,338,700,0.483,0.478,200,244,0.82,189,416,605,135,63,63,102,236,903
Jim Petersen,PF,22,HOU,60,0,714,70,144,0.486,0,0,0.0,70,144,0.486,0.486,50,66,0.758,44,103,147,29,14,32,71,125,190
Ricky Pierce,SG,25,MIL,44,3,882,165,307,0.537,1,4,0.25,164,303,0.541,0.539,102,124,0.823,49,68,117,94,34,5,63,117,433
Charles Pittman,SF,26,PHO,68,3,1001,107,227,0.47100000000000003,0,2,0.0,107,225,0.47600000000000003,0.47100000000000003,109,146,0.747,90,137,227,69,20,21,100,144,323
Gary Plummer,PF,22,GSW,66,0,702,92,232,0.397,1,4,0.25,91,228,0.39899999999999997,0.39899999999999997,65,92,0.7070000000000001,54,80,134,26,15,14,50,127,250
David Pope,SF,22,KCK,22,0,129,17,53,0.321,0,1,0.0,17,52,0.327,0.321,7,13,0.5379999999999999,9,9,18,5,3,3,7,30,41
Ben Poquette,PF,29,CLE,79,6,1656,210,457,0.46,3,17,0.17600000000000002,207,440,0.47,0.46299999999999997,109,137,0.7959999999999999,148,325,473,79,47,58,70,220,532
Paul Pressey,SF,26,MIL,80,80,2876,480,928,0.517,7,20,0.35,473,908,0.521,0.521,317,418,0.758,149,280,429,543,129,56,247,258,1284
Kurt Rambis,PF,26,LAL,82,46,1617,181,327,0.5539999999999999,0,0,0.0,181,327,0.5539999999999999,0.5539999999999999,68,103,0.66,164,364,528,69,82,47,97,211,430
Kelvin Ransey,PG,26,NJN,81,29,1689,300,654,0.45899999999999996,2,11,0.182,298,643,0.46299999999999997,0.46,122,142,0.8590000000000001,40,90,130,355,87,7,113,134,724
Leo Rautins,SF,24,ATL,4,0,12,0,2,0.0,0,0,0.0,0,2,0.0,0.0,0,0,0.0,1,1,2,3,0,0,1,3,0
Robert Reid,SF,29,HOU,82,0,1763,312,648,0.48100000000000004,1,16,0.063,311,632,0.49200000000000005,0.48200000000000004,88,126,0.698,81,192,273,171,48,22,101,196,713
Clint Richardson,SG,28,PHI,74,20,1531,183,404,0.45299999999999996,1,3,0.33299999999999996,182,401,0.45399999999999996,0.45399999999999996,76,89,0.8540000000000001,60,95,155,157,37,15,78,143,443
Micheal Ray Richardson,PG,29,NJN,82,82,3127,690,1470,0.469,29,115,0.252,661,1355,0.488,0.479,240,313,0.767,156,301,457,669,243,22,249,277,1649
Doc Rivers,PG,23,ATL,69,58,2126,334,701,0.47600000000000003,15,36,0.41700000000000004,319,665,0.48,0.48700000000000004,291,378,0.77,66,148,214,410,163,53,176,250,974
Fred Roberts,PF,24,TOT,74,0,1178,208,418,0.498,1,1,1.0,207,417,0.496,0.499,150,182,0.8240000000000001,78,108,186,87,28,22,89,141,567
Alvin Robertson,SG,22,SAS,79,9,1685,299,600,0.498,4,11,0.364,295,589,0.501,0.502,124,169,0.7340000000000001,116,149,265,275,127,24,167,217,726
Rick Robey,C,29,PHO,4,0,48,2,9,0.222,0,0,0.0,2,9,0.222,0.222,1,2,0.5,3,5,8,5,2,0,8,7,5
Cliff Robinson,PF,24,WSB,60,37,1870,422,896,0.47100000000000003,1,3,0.33299999999999996,421,893,0.47100000000000003,0.47200000000000003,158,213,0.742,141,405,546,149,51,47,161,187,1003
Truck Robinson,PF,33,NYK,2,1,35,2,5,0.4,0,0,0.0,2,5,0.4,0.4,0,2,0.0,6,3,9,3,2,3,5,3,4
Tree Rollins,C,29,ATL,70,60,1750,186,339,0.5489999999999999,0,0,0.0,186,339,0.5489999999999999,0.5489999999999999,67,93,0.72,113,329,442,52,35,167,80,213,439
Lorenzo Romar,PG,26,TOT,9,0,51,3,16,0.188,0,3,0.0,3,13,0.231,0.188,5,5,1.0,0,0,0,12,4,0,5,7,11
Dan Roundfield,PF,31,DET,56,43,1492,236,505,0.467,0,2,0.0,236,503,0.469,0.467,139,178,0.7809999999999999,175,278,453,102,26,54,123,147,611
Jeff Ruland,C,26,WSB,37,36,1436,250,439,0.569,0,2,0.0,250,437,0.5720000000000001,0.569,200,292,0.685,127,283,410,162,31,27,179,128,700
Campy Russell,SF,33,CLE,3,0,24,2,7,0.28600000000000003,0,1,0.0,2,6,0.33299999999999996,0.28600000000000003,2,3,0.667,0,5,5,3,0,0,5,3,6
Walker Russell,PG,24,ATL,21,2,377,34,63,0.54,1,1,1.0,33,62,0.532,0.5479999999999999,14,17,0.8240000000000001,8,32,40,66,17,4,40,37,83
Ralph Sampson*,PF,24,HOU,82,82,3086,753,1499,0.502,0,6,0.0,753,1493,0.504,0.502,303,448,0.6759999999999999,227,626,853,224,81,168,326,306,1809
Mike Sanders,SF,24,PHO,21,11,418,85,175,0.486,0,0,0.0,85,175,0.486,0.486,45,59,0.763,38,51,89,29,23,4,34,59,215
Wayne Sappleton,PF,24,NJN,33,0,298,41,87,0.47100000000000003,0,0,0.0,41,87,0.47100000000000003,0.47100000000000003,14,34,0.41200000000000003,28,47,75,7,7,4,21,50,96
Danny Schayes,C,25,DEN,56,0,542,60,129,0.465,0,0,0.0,60,129,0.465,0.465,79,97,0.8140000000000001,48,96,144,38,20,25,44,98,199
Tom Scheffler,C,30,POR,39,0,268,21,51,0.41200000000000003,0,0,0.0,21,51,0.41200000000000003,0.41200000000000003,10,20,0.5,18,58,76,11,8,11,15,48,52
John Schweitz,SG,24,SEA,19,0,110,25,74,0.33799999999999997,0,4,0.0,25,70,0.35700000000000004,0.33799999999999997,7,10,0.7,6,15,21,18,0,1,14,12,57
Alvin Scott,SF,29,PHO,77,18,1238,111,259,0.429,1,5,0.2,110,254,0.433,0.431,53,74,0.716,46,115,161,127,39,25,60,125,276
Byron Scott,SG,23,LAL,81,65,2305,541,1003,0.539,26,60,0.433,515,943,0.546,0.552,187,228,0.82,57,153,210,244,100,17,138,197,1295
Tom Sewell,SG,22,WSB,21,0,87,9,36,0.25,0,2,0.0,9,34,0.265,0.25,2,4,0.5,2,2,4,6,3,1,7,13,20
Lonnie Shelton,PF,29,CLE,57,14,1244,158,363,0.435,0,5,0.0,158,358,0.441,0.435,51,77,0.662,82,185,267,96,44,18,74,187,367
Purvis Short,SF,27,GSW,78,77,3081,819,1780,0.46,47,150,0.313,772,1630,0.474,0.473,501,613,0.8170000000000001,157,241,398,234,116,27,241,255,2186
Jerry Sichting,PG,28,IND,70,25,1808,325,624,0.521,9,37,0.243,316,587,0.5379999999999999,0.528,112,128,0.875,24,90,114,264,47,4,102,116,771
Jack Sikma*,C,29,SEA,68,68,2402,461,943,0.489,2,10,0.2,459,933,0.49200000000000005,0.49,335,393,0.852,164,559,723,285,83,91,160,239,1259
Charlie Sitton,SF,22,DAL,43,0,304,39,94,0.415,0,2,0.0,39,92,0.424,0.415,13,25,0.52,24,36,60,26,7,6,19,50,91
Tom Sluby,SG,22,DAL,31,0,151,30,58,0.517,0,2,0.0,30,56,0.536,0.517,13,21,0.619,5,7,12,16,3,0,11,18,73
Derek Smith,SG,23,LAC,80,80,2762,682,1271,0.537,3,19,0.158,679,1252,0.542,0.5379999999999999,400,504,0.794,174,253,427,216,77,52,230,317,1767
Larry Smith,PF,27,GSW,80,78,2497,366,690,0.53,0,0,0.0,366,690,0.53,0.53,155,256,0.605,405,464,869,96,78,54,160,285,887
Robert Smith,PG,29,CLE,7,0,48,4,17,0.235,0,4,0.0,4,13,0.308,0.235,8,10,0.8,0,4,4,7,2,0,3,6,16
Ricky Sobers,SG,32,SEA,71,12,1490,280,628,0.446,8,28,0.28600000000000003,272,600,0.45299999999999996,0.452,132,162,0.815,27,76,103,252,49,9,158,156,700
Rory Sparrow,PG,26,NYK,79,41,2292,326,662,0.49200000000000005,7,31,0.226,319,631,0.506,0.498,122,141,0.865,38,131,169,557,81,9,150,200,781
Larry Spriggs,PF,25,LAL,75,32,1292,194,354,0.5479999999999999,0,3,0.0,194,351,0.5529999999999999,0.5479999999999999,112,146,0.767,77,150,227,132,47,13,115,195,500
Terence Stansbury,SG,23,IND,74,14,1278,210,458,0.45899999999999996,4,25,0.16,206,433,0.47600000000000003,0.46299999999999997,102,126,0.81,39,75,114,127,47,12,80,205,526
Brook Steppe,SG,25,DET,54,0,486,83,178,0.466,0,1,0.0,83,177,0.469,0.466,87,104,0.8370000000000001,25,32,57,36,16,4,43,61,253
Steve Stipanovich,C,24,IND,82,66,2315,414,871,0.475,1,11,0.091,413,860,0.48,0.47600000000000003,297,372,0.7979999999999999,141,473,614,199,71,78,184,265,1126
John Stockton*,PG,22,UTA,82,5,1490,157,333,0.47100000000000003,2,11,0.182,155,322,0.48100000000000004,0.474,142,193,0.736,26,79,105,415,109,11,150,203,458
Jon Sundvold,PG,23,SEA,73,1,1150,170,400,0.425,12,38,0.316,158,362,0.436,0.44,48,59,0.8140000000000001,17,53,70,206,36,1,85,87,400
Dane Suttle,SG,23,KCK,6,0,24,6,13,0.462,0,1,0.0,6,12,0.5,0.462,2,2,1.0,0,3,3,2,1,0,1,3,14
Terry Teagle,SG,24,TOT,21,3,349,74,137,0.54,2,4,0.5,72,133,0.541,0.547,25,35,0.7140000000000001,22,21,43,14,13,5,15,36,175
Reggie Theus,SG,27,KCK,82,80,2543,501,1029,0.48700000000000004,5,38,0.132,496,991,0.501,0.489,334,387,0.863,106,164,270,656,95,18,307,250,1341
Peter Thibeaux,SF,23,GSW,51,1,461,94,195,0.48200000000000004,0,2,0.0,94,193,0.48700000000000004,0.48200000000000004,43,67,0.642,29,40,69,17,11,17,34,85,231
David Thirdkill,SF,24,TOT,18,3,183,20,38,0.526,0,1,0.0,20,37,0.541,0.526,11,19,0.579,10,7,17,4,5,3,14,22,51
Isiah Thomas*,PG,23,DET,81,81,3089,646,1410,0.45799999999999996,29,113,0.257,617,1297,0.47600000000000003,0.46799999999999997,399,493,0.809,114,247,361,1123,187,25,302,288,1720
Jim Thomas,SG,24,IND,80,52,2059,347,726,0.478,8,42,0.19,339,684,0.496,0.483,183,234,0.782,74,187,261,234,76,5,131,195,885
Bernard Thompson,SF,22,POR,59,0,535,79,212,0.373,0,8,0.0,79,204,0.387,0.373,39,51,0.765,37,39,76,52,31,10,35,79,197
LaSalle Thompson,C,23,KCK,82,77,2458,369,695,0.531,0,0,0.0,369,695,0.531,0.531,227,315,0.721,274,580,854,130,98,128,202,328,965
Mychal Thompson,PF,30,POR,79,55,2616,572,1111,0.515,0,0,0.0,572,1111,0.515,0.515,307,449,0.684,211,407,618,205,78,104,231,216,1451
Paul Thompson,SF,23,TOT,49,27,942,189,459,0.41200000000000003,6,30,0.2,183,429,0.42700000000000005,0.418,69,87,0.7929999999999999,57,101,158,78,56,25,57,119,453
Otis Thorpe,PF,22,KCK,82,23,1918,411,685,0.6,0,2,0.0,411,683,0.602,0.6,230,371,0.62,187,369,556,111,34,37,187,256,1052
Sedale Threatt,PG,23,PHI,82,0,1304,188,416,0.452,4,22,0.182,184,394,0.467,0.457,66,90,0.733,21,78,99,175,80,16,99,171,446
Andrew Toney,SG,27,PHI,70,65,2237,450,914,0.49200000000000005,39,105,0.371,411,809,0.508,0.514,306,355,0.862,35,142,177,363,65,24,224,211,1245
Linton Townes,SF,25,SAS,1,0,8,0,6,0.0,0,0,0.0,0,6,0.0,0.0,2,2,1.0,1,0,1,0,0,0,0,1,2
Kelly Tripucka,SF,25,DET,55,43,1675,396,831,0.47700000000000004,2,5,0.4,394,826,0.47700000000000004,0.478,255,288,0.885,66,152,218,135,49,14,118,118,1049
Trent Tucker,SG,25,NYK,77,46,1819,293,606,0.483,29,72,0.40299999999999997,264,534,0.494,0.507,38,48,0.792,74,114,188,199,75,15,64,195,653
Elston Turner,SF,25,DEN,81,2,1491,181,388,0.466,1,6,0.16699999999999998,180,382,0.47100000000000003,0.46799999999999997,51,65,0.785,88,128,216,158,96,7,70,152,414
Jeff Turner,PF,22,NJN,72,36,1429,171,377,0.45399999999999996,0,3,0.0,171,374,0.457,0.45399999999999996,79,92,0.8590000000000001,88,130,218,108,29,7,90,243,421
Melvin Turpin,C,24,CLE,79,45,1949,363,711,0.511,0,0,0.0,363,711,0.511,0.511,109,139,0.784,155,297,452,36,38,87,118,211,835
Terry Tyler,SF,28,DET,82,53,2004,422,855,0.494,0,8,0.0,422,847,0.498,0.494,106,148,0.716,148,275,423,63,49,90,76,192,950
Darnell Valentine,PG,25,POR,75,59,2278,321,679,0.473,0,2,0.0,321,677,0.474,0.473,230,290,0.7929999999999999,54,165,219,522,143,5,194,189,872
Kiki Vandeweghe,SF,26,POR,72,69,2502,618,1158,0.534,11,33,0.33299999999999996,607,1125,0.54,0.5379999999999999,369,412,0.8959999999999999,74,154,228,106,37,22,116,116,1616
Pete Verhoeven,PF,25,KCK,54,0,366,51,108,0.47200000000000003,0,0,0.0,51,108,0.47200000000000003,0.47200000000000003,21,25,0.84,28,35,63,17,15,7,20,85,123
Jay Vincent,PF,25,DAL,79,47,2543,545,1138,0.479,0,4,0.0,545,1134,0.48100000000000004,0.479,351,420,0.836,185,519,704,169,48,22,170,226,1441
Danny Vranes,SF,26,SEA,76,70,2163,186,402,0.46299999999999997,1,4,0.25,185,398,0.465,0.46399999999999997,67,127,0.528,154,282,436,152,76,57,119,256,440
Granville Waiters,C,24,IND,62,5,703,85,190,0.447,0,1,0.0,85,189,0.45,0.447,29,50,0.58,57,113,170,30,16,44,55,107,199
Darrell Walker,PG,23,NYK,82,66,2489,430,989,0.435,0,17,0.0,430,972,0.442,0.435,243,347,0.7,128,150,278,408,167,21,204,244,1103
Bill Walton*,C,32,LAC,67,37,1647,269,516,0.521,0,2,0.0,269,514,0.523,0.521,138,203,0.68,168,432,600,156,50,140,174,184,676
Bryan Warrick,PG,25,LAC,58,1,713,85,173,0.491,1,4,0.25,84,169,0.49700000000000005,0.494,44,57,0.772,10,48,58,153,23,6,70,85,215
Scott Wedman,SF,32,BOS,78,5,1127,220,460,0.478,17,34,0.5,203,426,0.47700000000000004,0.49700000000000005,42,55,0.764,57,102,159,94,23,10,47,111,499
Mark West,C,24,TOT,66,25,888,106,194,0.546,0,1,0.0,106,193,0.5489999999999999,0.546,43,87,0.494,90,161,251,15,13,49,59,197,255
Ennis Whatley,PG,22,CHI,70,44,1385,140,313,0.447,1,9,0.111,139,304,0.457,0.449,68,86,0.7909999999999999,34,67,101,381,66,10,144,141,349
Rory White,PF,25,LAC,80,14,1106,144,279,0.516,0,0,0.0,144,279,0.516,0.516,90,130,0.6920000000000001,94,101,195,34,35,20,87,115,378
Willie White,SG,22,DEN,39,0,234,52,124,0.419,4,11,0.364,48,113,0.425,0.435,21,31,0.677,15,21,36,29,5,2,30,24,129
Jerome Whitehead,C,28,GSW,79,78,2536,421,825,0.51,0,0,0.0,421,825,0.51,0.51,184,235,0.7829999999999999,219,403,622,53,45,43,141,322,1026
Mitchell Wiggins,SG,25,HOU,82,24,1575,318,657,0.484,6,23,0.261,312,634,0.49200000000000005,0.489,96,131,0.733,110,125,235,119,83,13,90,195,738
Jamaal Wilkes*,SF,31,LAL,42,8,761,148,303,0.488,0,1,0.0,148,302,0.49,0.488,51,66,0.773,35,59,94,41,19,3,49,65,347
Dominique Wilkins*,SF,25,ATL,81,81,3023,853,1891,0.451,25,81,0.309,828,1810,0.457,0.45799999999999996,486,603,0.8059999999999999,226,331,557,200,135,54,225,170,2217
Eddie Lee Wilkins,C,22,NYK,54,16,917,116,233,0.498,0,2,0.0,116,231,0.502,0.498,66,122,0.541,86,176,262,16,21,16,64,155,298
Jeff Wilkins,C,29,UTA,79,0,1505,285,582,0.49,0,1,0.0,285,581,0.491,0.49,61,80,0.763,78,288,366,81,35,18,91,173,631
Dale Wilkinson,SF-PF,24,TOT,12,0,45,4,16,0.25,0,1,0.0,4,15,0.267,0.25,6,7,0.857,1,3,4,2,0,0,4,10,14
Buck Williams,PF,24,NJN,82,82,3182,577,1089,0.53,1,4,0.25,576,1085,0.531,0.53,336,538,0.625,323,682,1005,167,63,110,238,293,1491
Gus Williams,PG,31,WSB,79,78,2960,638,1483,0.43,51,176,0.29,587,1307,0.449,0.447,251,346,0.725,72,123,195,608,178,32,213,159,1578
Guy Williams,SF,24,WSB,21,0,119,29,63,0.46,1,4,0.25,28,59,0.475,0.46799999999999997,2,5,0.4,15,12,27,9,5,2,8,17,61
Herb Williams,C,26,IND,75,70,2557,575,1211,0.475,1,9,0.111,574,1202,0.478,0.475,224,341,0.657,154,480,634,252,54,134,265,218,1375
Kevin Williams,SG,23,CLE,46,4,413,58,134,0.433,0,5,0.0,58,129,0.45,0.433,47,64,0.7340000000000001,19,44,63,61,22,4,49,86,163
Ray Williams,PG,30,BOS,23,5,459,55,143,0.385,6,23,0.261,49,120,0.408,0.406,31,46,0.674,16,41,57,90,30,5,42,56,147
Sam Williams,PF,25,PHI,46,8,488,58,148,0.392,0,1,0.0,58,147,0.395,0.392,28,47,0.596,38,68,106,11,26,26,44,92,144
Sly Williams,SF,27,ATL,34,20,867,167,380,0.439,4,15,0.267,163,365,0.447,0.445,79,123,0.642,45,123,168,94,28,8,78,83,417
Kevin Willis,PF,22,ATL,82,19,1785,322,690,0.467,2,9,0.222,320,681,0.47,0.46799999999999997,119,181,0.657,177,345,522,36,31,49,104,226,765
Michael Wilson,SG,25,TOT,19,0,267,36,77,0.46799999999999997,0,0,0.0,36,77,0.46799999999999997,0.46799999999999997,27,36,0.75,14,17,31,35,14,5,20,21,99
Othell Wilson,PG,23,GSW,74,23,1260,134,291,0.46,3,16,0.188,131,275,0.47600000000000003,0.466,54,76,0.711,35,96,131,217,77,12,95,122,325
Randy Wittman,SG,25,ATL,41,22,1168,187,352,0.531,2,7,0.28600000000000003,185,345,0.536,0.534,30,41,0.732,16,57,73,125,28,7,57,58,406
Al Wood,SG,26,SEA,80,79,2545,515,1061,0.485,7,33,0.212,508,1028,0.494,0.489,166,214,0.7759999999999999,99,180,279,236,84,52,120,187,1203
Leon Wood,PG,22,PHI,38,1,269,50,134,0.373,4,30,0.133,46,104,0.442,0.38799999999999996,18,26,0.6920000000000001,3,15,18,45,8,0,25,17,122
Mike Woodson,SG,26,KCK,78,3,1998,530,1068,0.496,5,21,0.23800000000000002,525,1047,0.501,0.499,264,330,0.8,69,129,198,143,117,28,139,216,1329
Orlando Woolridge,SF,25,CHI,77,76,2816,679,1225,0.5539999999999999,0,5,0.0,679,1220,0.557,0.5539999999999999,409,521,0.785,158,277,435,135,58,38,178,185,1767
James Worthy*,SF,23,LAL,80,76,2696,610,1066,0.5720000000000001,0,7,0.0,610,1059,0.5760000000000001,0.5720000000000001,190,245,0.7759999999999999,169,342,511,201,87,67,198,196,1410
Danny Young,PG,22,SEA,3,0,26,2,10,0.2,0,1,0.0,2,9,0.222,0.2,0,0,0.0,0,3,3,2,3,0,2,2,4
Michael Young,SF,24,PHO,2,0,11,2,6,0.33299999999999996,0,1,0.0,2,5,0.4,0.33299999999999996,0,0,0.0,1,1,2,0,0,0,0,0,4
