Player,Pos,Age,Tm,G,GS,MP,FG,FGA,FG%,3P,3PA,3P%,2P,2PA,2P%,eFG%,FT,FTA,FT%,ORB,DRB,TRB,AST,STL,BLK,TOV,PF,PTS
Tariq Abdul-Wahad,SG,24,SAC,49,49,1205,177,407,0.435,6,21,0.28600000000000003,171,386,0.44299999999999995,0.442,94,136,0.691,72,114,186,50,50,16,70,121,454
Shareef Abdur-Rahim,SF,22,VAN,50,50,2021,386,893,0.43200000000000005,11,36,0.306,375,857,0.43799999999999994,0.43799999999999994,369,439,0.841,114,260,374,172,69,55,186,137,1152
Cory Alexander,PG,25,DEN,36,4,778,97,260,0.373,30,105,0.28600000000000003,67,155,0.43200000000000005,0.431,37,44,0.841,7,67,74,119,35,5,69,77,261
Ray Allen*,SG,23,MIL,50,50,1719,303,673,0.45,74,208,0.35600000000000004,229,465,0.49200000000000005,0.505,176,195,0.903,57,155,212,178,53,7,122,117,856
Peter Aluma,C,25,SAC,2,0,5,1,2,0.5,0,0,0.0,1,2,0.5,0.5,0,0,0.0,1,1,2,0,1,1,2,4,2
Derek Anderson,SG,24,CLE,38,13,978,125,314,0.39799999999999996,21,69,0.304,104,245,0.424,0.43200000000000005,138,165,0.836,20,89,109,145,48,4,82,73,409
Kenny Anderson,PG,28,BOS,34,33,1010,161,357,0.451,6,24,0.25,155,333,0.465,0.45899999999999996,84,101,0.8320000000000001,24,79,103,193,33,2,71,78,412
Nick Anderson,SF,31,ORL,47,39,1581,253,640,0.395,96,277,0.34700000000000003,157,363,0.433,0.47,99,162,0.611,51,226,277,91,64,15,83,72,701
Shandon Anderson,SG,25,UTA,50,2,1072,162,363,0.446,14,41,0.341,148,322,0.46,0.466,89,125,0.7120000000000001,49,83,132,56,39,10,66,89,427
Chris Anstey,C,24,DAL,41,4,470,50,139,0.36,0,7,0.0,50,132,0.379,0.36,34,48,0.708,35,62,97,27,18,13,26,98,134
Greg Anthony,PG,31,POR,50,0,806,104,251,0.414,49,125,0.392,55,126,0.43700000000000006,0.512,62,89,0.6970000000000001,14,49,63,100,66,3,55,75,319
B.J. Armstrong,PG,31,TOT,32,1,358,40,88,0.455,7,15,0.467,33,73,0.452,0.494,18,21,0.857,2,37,39,61,12,0,25,31,105
Darrell Armstrong,PG,30,ORL,50,15,1502,230,522,0.441,69,189,0.365,161,333,0.483,0.507,161,178,0.904,53,127,180,335,108,4,158,90,690
Keith Askins,SF,31,MIA,33,13,415,20,62,0.32299999999999995,8,29,0.276,12,33,0.364,0.387,5,8,0.625,10,34,44,10,17,3,13,58,53
Stacey Augmon,SF,30,POR,48,21,874,78,174,0.44799999999999995,0,2,0.0,78,172,0.45299999999999996,0.44799999999999995,52,76,0.684,47,78,125,58,57,18,30,81,208
Isaac Austin,C,29,ORL,49,49,1259,185,453,0.408,2,7,0.28600000000000003,183,446,0.41,0.41100000000000003,105,157,0.669,83,154,237,89,47,35,114,125,477
Anthony Avent,PF,29,UTA,5,0,44,4,13,0.308,0,0,0.0,4,13,0.308,0.308,1,2,0.5,8,4,12,1,2,0,7,6,9
Thurl Bailey,PF,37,UTA,43,0,543,78,175,0.446,0,2,0.0,78,173,0.451,0.446,25,34,0.735,36,58,94,26,9,28,27,78,181
Toby Bailey,SG,23,PHO,27,10,249,34,86,0.395,1,5,0.2,33,81,0.40700000000000003,0.401,9,13,0.6920000000000001,24,30,54,13,9,2,11,24,78
LaMark Baker,PG,29,TOR,1,0,2,0,1,0.0,0,0,0.0,0,1,0.0,0.0,0,0,0.0,0,0,0,0,0,0,1,0,0
Vin Baker,PF,27,SEA,34,31,1162,198,437,0.45299999999999996,0,3,0.0,198,434,0.456,0.45299999999999996,72,160,0.45,86,125,211,56,32,34,76,121,468
Charles Barkley*,PF,35,HOU,42,40,1526,240,502,0.478,4,25,0.16,236,477,0.495,0.48200000000000004,192,267,0.7190000000000001,167,349,516,192,43,13,100,89,676
Dana Barros,PG,31,BOS,50,16,1156,168,371,0.45299999999999996,64,160,0.4,104,211,0.493,0.539,64,73,0.877,16,89,105,208,52,5,88,64,464
Brent Barry,SG,27,CHI,37,30,1181,141,356,0.396,52,172,0.302,89,184,0.484,0.469,78,101,0.772,39,105,144,116,42,11,72,98,412
Drew Barry,SG,25,SEA,17,0,183,10,32,0.313,8,24,0.33299999999999996,2,8,0.25,0.43799999999999994,9,13,0.6920000000000001,3,17,20,29,7,1,12,24,37
Jon Barry,SG,29,SAC,43,0,736,59,138,0.428,24,79,0.304,35,59,0.593,0.514,71,84,0.845,25,71,96,112,53,5,47,61,213
Tony Battie,C,22,BOS,50,15,1121,147,283,0.519,0,3,0.0,147,280,0.525,0.519,41,61,0.672,96,204,300,53,29,71,45,159,335
Corey Beck,PG,27,TOT,24,0,180,18,39,0.462,1,1,1.0,17,38,0.447,0.474,8,15,0.5329999999999999,6,22,28,20,9,2,13,26,45
Benoit Benjamin,C,34,PHI,6,0,33,2,7,0.28600000000000003,0,0,0.0,2,7,0.28600000000000003,0.28600000000000003,0,0,0.0,3,5,8,1,0,0,3,6,4
Corey Benjamin,PG,20,CHI,31,1,320,44,117,0.376,3,14,0.214,41,103,0.39799999999999996,0.389,27,40,0.675,15,25,40,10,11,8,21,46,118
Mario Bennett,PF,25,CHI,3,0,19,2,6,0.33299999999999996,0,0,0.0,2,6,0.33299999999999996,0.33299999999999996,3,4,0.75,2,3,5,0,1,0,1,4,7
Travis Best,PG,26,IND,49,0,1043,127,305,0.41600000000000004,22,59,0.373,105,246,0.42700000000000005,0.452,70,83,0.843,19,61,80,169,42,4,62,111,346
Mike Bibby,PG,20,VAN,50,50,1758,260,605,0.43,15,74,0.203,245,531,0.461,0.442,127,169,0.7509999999999999,30,106,136,325,78,5,146,122,662
Chauncey Billups,SG,22,DEN,45,41,1488,191,495,0.386,85,235,0.36200000000000004,106,260,0.408,0.47200000000000003,157,172,0.9129999999999999,24,72,96,173,58,14,98,115,624
Mookie Blaylock,PG,31,ATL,48,48,1763,247,651,0.379,77,251,0.307,170,400,0.425,0.439,69,91,0.758,45,179,224,278,99,9,115,61,640
Corie Blount,PF,30,TOT,34,3,530,36,100,0.36,0,1,0.0,36,99,0.364,0.36,28,54,0.519,58,93,151,12,19,16,21,74,100
Muggsy Bogues,PG,34,GSW,36,5,714,76,154,0.494,0,6,0.0,76,148,0.514,0.494,31,36,0.861,16,57,73,134,43,1,47,44,183
Etdrick Bohannon,SF,25,WAS,2,0,4,0,0,0.0,0,0,0.0,0,0,0.0,0.0,0,0,0.0,0,0,0,0,0,0,0,0,0
Keith Booth,SF,24,CHI,39,4,432,49,151,0.325,1,10,0.1,48,141,0.34,0.32799999999999996,21,42,0.5,25,68,93,38,22,11,39,60,120
Bruce Bowen,SF,27,BOS,30,1,494,26,93,0.28,7,26,0.26899999999999996,19,67,0.284,0.317,11,24,0.45799999999999996,15,37,52,28,21,9,13,51,70
Earl Boykins,PG,22,TOT,22,0,221,30,79,0.38,3,18,0.16699999999999998,27,61,0.44299999999999995,0.39899999999999997,2,3,0.667,7,10,17,33,6,0,20,20,65
Shawn Bradley,C,26,DAL,49,33,1294,167,348,0.48,0,4,0.0,167,344,0.485,0.48,86,115,0.748,130,262,392,40,35,159,56,153,420
Terrell Brandon,PG,28,TOT,36,34,1217,212,507,0.418,12,47,0.255,200,460,0.435,0.43,65,78,0.833,27,107,134,309,63,10,74,82,501
Chucky Brown,PF,30,CHH,48,21,1192,176,373,0.47200000000000003,15,40,0.375,161,333,0.483,0.49200000000000005,40,59,0.6779999999999999,36,138,174,57,16,19,38,106,407
Dee Brown,PG,30,TOR,49,0,1377,187,495,0.37799999999999995,135,349,0.387,52,146,0.35600000000000004,0.514,40,55,0.727,15,88,103,143,56,8,80,75,549
Gerald Brown,SG,23,PHO,33,0,236,33,89,0.371,3,10,0.3,30,79,0.38,0.38799999999999996,11,14,0.7859999999999999,5,17,22,31,5,1,22,21,80
P.J. Brown,PF,29,MIA,50,50,1611,229,477,0.48,0,0,0.0,229,477,0.48,0.48,113,146,0.774,115,231,346,66,46,48,69,166,571
Randy Brown,PG,30,CHI,39,32,1139,132,319,0.414,0,10,0.0,132,309,0.42700000000000005,0.414,78,103,0.757,27,105,132,149,68,8,80,93,342
Rick Brunson,PG,26,NYK,17,0,95,6,21,0.28600000000000003,0,5,0.0,6,16,0.375,0.28600000000000003,5,18,0.278,3,7,10,19,9,0,12,8,17
Kobe Bryant,SG,20,LAL,50,50,1896,362,779,0.465,27,101,0.267,335,678,0.494,0.48200000000000004,245,292,0.8390000000000001,53,211,264,190,72,50,157,153,996
Mark Bryant,PF,33,CHI,45,29,1204,168,348,0.483,0,1,0.0,168,347,0.484,0.483,71,110,0.645,92,140,232,48,34,16,68,149,407
Jud Buechler,SF,30,DET,50,0,1056,100,240,0.41700000000000004,61,148,0.41200000000000003,39,92,0.424,0.544,13,18,0.722,29,104,133,57,37,13,21,83,274
Matt Bullard,PF,31,HOU,41,0,413,43,114,0.377,24,62,0.387,19,52,0.365,0.48200000000000004,7,10,0.7,9,33,42,18,13,4,14,28,117
Scott Burrell,SF,28,NJN,32,10,706,75,208,0.361,28,72,0.389,47,136,0.34600000000000003,0.428,34,42,0.81,32,87,119,45,40,11,23,82,212
Willie Burton,SF,30,CHH,3,0,18,1,7,0.14300000000000002,0,1,0.0,1,6,0.16699999999999998,0.14300000000000002,2,4,0.5,4,2,6,0,0,0,1,2,4
Mitchell Butler,SG,28,CLE,31,1,418,67,139,0.48200000000000004,11,29,0.379,56,110,0.509,0.522,23,32,0.7190000000000001,13,31,44,22,15,4,29,41,168
Jason Caffey,PF,25,GSW,35,32,876,123,277,0.444,0,1,0.0,123,276,0.446,0.444,62,98,0.633,79,126,205,18,24,9,75,113,308
Marcus Camby,C,24,NYK,46,0,945,136,261,0.521,0,0,0.0,136,261,0.521,0.521,57,103,0.5529999999999999,102,151,253,12,29,74,39,131,329
Elden Campbell,C,30,TOT,49,33,1459,222,465,0.47700000000000004,0,1,0.0,222,464,0.478,0.47700000000000004,172,269,0.639,126,271,397,69,39,73,80,159,616
Antoine Carr,PF,37,HOU,18,0,152,21,52,0.40399999999999997,0,1,0.0,21,51,0.41200000000000003,0.40399999999999997,5,7,0.7140000000000001,9,22,31,9,1,10,9,31,47
Chris Carr,SG,24,TOT,39,4,445,76,205,0.371,28,75,0.373,48,130,0.369,0.439,27,40,0.675,23,48,71,23,8,2,28,45,207
Cory Carr,SG,23,CHI,42,7,624,71,216,0.32899999999999996,5,30,0.16699999999999998,66,186,0.355,0.34,24,32,0.75,8,41,49,66,21,7,46,66,171
Vince Carter,SF,22,TOR,50,49,1760,345,766,0.45,19,66,0.28800000000000003,326,700,0.466,0.46299999999999997,204,268,0.7609999999999999,94,189,283,149,55,77,110,140,913
Sam Cassell,PG,29,TOT,8,3,199,39,93,0.419,2,10,0.2,37,83,0.446,0.43,47,50,0.94,5,10,15,36,9,0,20,22,127
Kelvin Cato,C,24,POR,43,0,545,58,129,0.45,1,1,1.0,57,128,0.445,0.45299999999999996,34,67,0.507,49,101,150,19,23,56,27,100,151
Duane Causwell,C,30,MIA,19,1,137,20,35,0.5710000000000001,0,0,0.0,20,35,0.5710000000000001,0.5710000000000001,4,12,0.33299999999999996,14,21,35,2,0,11,18,32,44
Cedric Ceballos,SF,29,DAL,13,5,352,59,140,0.42100000000000004,11,28,0.39299999999999996,48,112,0.429,0.461,34,49,0.6940000000000001,23,62,85,12,7,5,28,23,163
Rex Chapman,SG,31,PHO,38,35,1183,165,459,0.359,53,151,0.35100000000000003,112,308,0.364,0.41700000000000004,76,91,0.835,12,92,104,109,34,9,54,46,459
Calbert Cheaney,SG,27,WAS,50,18,1266,172,415,0.414,8,37,0.21600000000000003,164,378,0.434,0.424,33,67,0.493,33,108,141,73,39,16,42,146,385
Pete Chilcutt,PF,30,VAN,46,0,697,63,172,0.366,26,68,0.382,37,104,0.35600000000000004,0.442,14,17,0.8240000000000001,29,88,117,30,22,12,28,52,166
Chris Childs,PG,31,NYK,48,0,1297,114,267,0.42700000000000005,36,94,0.38299999999999995,78,173,0.451,0.494,64,78,0.821,18,115,133,193,44,1,85,156,328
Doug Christie,SG,28,TOR,50,50,1768,252,650,0.38799999999999996,49,161,0.304,203,489,0.415,0.425,207,246,0.841,59,148,207,187,113,26,119,111,760
Keon Clark,C,23,DEN,28,0,409,36,80,0.45,0,1,0.0,36,79,0.456,0.45,21,37,0.568,36,60,96,10,10,31,21,52,93
Keith Closs,C,22,LAC,15,0,87,12,23,0.522,0,1,0.0,12,22,0.545,0.522,8,10,0.8,5,20,25,0,3,9,6,14,32
John Coker,C,27,WAS,14,0,98,13,31,0.419,0,0,0.0,13,31,0.419,0.419,5,6,0.833,7,15,22,0,1,2,2,17,31
Derrick Coleman,PF,31,CHH,37,29,1178,168,406,0.414,7,33,0.212,161,373,0.43200000000000005,0.42200000000000004,143,190,0.753,76,252,328,78,24,42,90,96,486
Bimbo Coles,PG,30,GSW,48,32,1272,183,414,0.442,6,25,0.24,177,389,0.455,0.449,83,101,0.8220000000000001,21,96,117,222,45,11,82,113,455
Marty Conlon,C,31,MIA,7,0,35,3,13,0.231,0,0,0.0,3,13,0.231,0.231,2,2,1.0,1,4,5,1,0,1,3,6,8
Tyrone Corbin,SF,36,ATL,47,6,1066,131,335,0.391,38,119,0.319,93,216,0.431,0.44799999999999995,52,80,0.65,37,108,145,43,31,7,43,74,352
James Cotton,SG,23,SEA,10,0,59,6,18,0.33299999999999996,0,3,0.0,6,15,0.4,0.33299999999999996,13,18,0.722,2,8,10,0,3,0,3,6,25
Chris Crawford,PF,23,ATL,42,30,784,110,255,0.431,11,33,0.33299999999999996,99,222,0.446,0.45299999999999996,57,70,0.8140000000000001,37,53,90,24,10,13,48,106,288
Austin Croshere,PF,23,IND,27,0,249,32,75,0.42700000000000005,8,29,0.276,24,46,0.522,0.48,20,23,0.87,16,29,45,10,7,8,23,32,92
John Crotty,PG,29,TOT,27,0,382,51,124,0.41100000000000003,14,36,0.389,37,88,0.42,0.46799999999999997,43,50,0.86,8,23,31,63,11,0,33,31,159
Terry Cummings,PF,37,GSW,50,0,1011,186,424,0.439,1,1,1.0,185,423,0.43700000000000006,0.44,81,114,0.711,95,160,255,58,46,10,58,168,454
William Cunningham,C,24,TOT,16,6,162,3,18,0.16699999999999998,0,0,0.0,3,18,0.16699999999999998,0.16699999999999998,0,2,0.0,13,15,28,1,1,11,5,30,6
Bill Curley,PF,26,MIN,35,7,372,29,72,0.40299999999999997,1,5,0.2,28,67,0.418,0.41,19,22,0.8640000000000001,20,31,51,14,17,9,10,83,78
Dell Curry,SG,34,MIL,42,0,864,163,336,0.485,69,145,0.47600000000000003,94,191,0.49200000000000005,0.588,28,34,0.8240000000000001,18,67,85,48,36,3,45,42,423
Michael Curry,SF,30,MIL,50,4,1146,90,206,0.43700000000000006,1,15,0.067,89,191,0.466,0.439,63,79,0.797,19,89,108,78,42,7,37,135,244
Erick Dampier,C,23,GSW,50,50,1414,161,414,0.389,0,0,0.0,161,414,0.389,0.389,120,204,0.588,164,218,382,54,26,58,92,165,442
Antonio Daniels,PG,23,SAS,47,0,614,83,183,0.45399999999999996,5,17,0.294,78,166,0.47,0.467,49,65,0.754,13,41,54,106,30,6,44,39,220
Kornél Dávid,SF,27,CHI,50,6,902,109,243,0.449,0,1,0.0,109,242,0.45,0.449,90,111,0.8109999999999999,70,103,173,40,23,17,48,88,308
Antonio Davis,PF,30,IND,49,1,1271,164,348,0.47100000000000003,0,0,0.0,164,348,0.47100000000000003,0.47100000000000003,135,192,0.703,116,228,344,33,22,42,50,136,463
Ben Davis,PF,26,NYK,8,0,21,7,17,0.41200000000000003,0,0,0.0,7,17,0.41200000000000003,0.41200000000000003,3,6,0.5,9,2,11,3,0,0,1,4,17
Dale Davis,PF,29,IND,50,50,1374,161,302,0.5329999999999999,0,0,0.0,161,302,0.5329999999999999,0.5329999999999999,76,123,0.618,155,261,416,22,20,57,43,115,398
Hubert Davis,SG,28,DAL,50,21,1378,174,397,0.43799999999999994,65,144,0.451,109,253,0.431,0.52,44,50,0.88,3,83,86,89,21,3,57,76,457
Mark Davis,SF,25,MIA,4,1,35,2,6,0.33299999999999996,0,0,0.0,2,6,0.33299999999999996,0.33299999999999996,5,6,0.833,2,5,7,1,1,0,7,12,9
Ricky Davis,SG,19,CHH,46,1,557,81,200,0.405,2,12,0.16699999999999998,79,188,0.42,0.41,45,59,0.763,40,44,84,58,30,7,54,46,209
Terry Davis,C,31,WAS,37,34,578,49,92,0.5329999999999999,0,0,0.0,49,92,0.5329999999999999,0.5329999999999999,28,38,0.737,50,89,139,10,11,3,16,79,126
Andrew DeClercq,C,25,TOT,47,32,1102,138,276,0.5,0,0,0.0,138,276,0.5,0.5,95,141,0.674,104,151,255,31,50,29,54,161,371
Terry Dehere,SG-PG,27,TOT,26,0,291,31,85,0.365,16,39,0.41,15,46,0.326,0.45899999999999996,5,7,0.7140000000000001,7,17,24,27,7,3,16,30,83
Vinny Del Negro,PG,32,MIL,48,7,1093,114,270,0.42200000000000004,13,30,0.433,101,240,0.42100000000000004,0.446,40,50,0.8,14,88,102,174,33,3,55,62,281
Bison Dele,C,29,DET,49,48,1177,216,431,0.501,0,1,0.0,216,430,0.502,0.501,81,118,0.6859999999999999,92,180,272,71,38,40,111,181,513
Tony Delk,PG,25,GSW,36,13,630,92,253,0.364,16,66,0.242,76,187,0.406,0.395,46,71,0.648,11,43,54,95,16,6,45,47,246
Michael Dickerson,SG,23,HOU,50,50,1558,215,462,0.465,71,164,0.433,144,298,0.483,0.542,46,72,0.639,26,57,83,95,27,11,66,90,547
Vlade Divac*,C,30,SAC,50,50,1761,262,557,0.47,11,43,0.256,251,514,0.488,0.48,179,255,0.7020000000000001,140,361,501,215,44,51,131,166,714
Michael Doleac,C,21,ORL,49,0,780,125,267,0.46799999999999997,0,0,0.0,125,267,0.46799999999999997,0.46799999999999997,54,80,0.675,66,82,148,20,19,17,26,117,304
Sherman Douglas,PG,32,LAC,30,19,842,96,219,0.43799999999999994,0,11,0.0,96,208,0.462,0.43799999999999994,55,87,0.632,16,42,58,124,27,3,61,54,247
Bryce Drew,PG,24,HOU,34,0,441,47,129,0.364,16,49,0.327,31,80,0.38799999999999996,0.426,8,8,1.0,3,29,32,52,12,4,31,61,118
Chris Dudley,C,33,NYK,46,16,685,48,109,0.44,0,0,0.0,48,109,0.44,0.44,19,40,0.475,79,114,193,7,13,38,24,116,115
Joe Dumars*,SG,35,DET,38,38,1116,144,350,0.41100000000000003,89,221,0.40299999999999997,55,129,0.426,0.539,51,61,0.836,12,56,68,134,23,2,53,51,428
Tim Duncan,PF,22,SAS,50,50,1963,418,845,0.495,1,7,0.14300000000000002,417,838,0.498,0.495,247,358,0.69,159,412,571,121,45,126,146,147,1084
Blue Edwards,SF,33,MIA,24,0,283,32,72,0.444,4,10,0.4,28,62,0.452,0.47200000000000003,9,13,0.6920000000000001,7,26,33,30,17,5,21,23,77
Howard Eisley,PG,26,UTA,50,0,1038,140,314,0.446,21,50,0.42,119,264,0.451,0.479,67,80,0.838,12,82,94,185,30,2,109,122,368
Mario Elie,SG,35,SAS,47,37,1291,156,331,0.47100000000000003,40,107,0.374,116,224,0.518,0.532,103,119,0.866,36,101,137,89,46,12,61,91,455
Sean Elliott,SF,30,SAS,50,50,1509,208,507,0.41,39,119,0.32799999999999996,169,388,0.436,0.449,106,140,0.757,35,178,213,117,26,17,71,104,561
Dale Ellis,SF,38,SEA,48,5,1232,174,395,0.441,94,217,0.433,80,178,0.449,0.5589999999999999,53,70,0.757,25,90,115,38,25,3,45,77,495
LaPhonso Ellis,PF,28,ATL,20,20,539,80,190,0.42100000000000004,1,5,0.2,79,185,0.42700000000000005,0.424,43,61,0.705,25,84,109,18,8,7,34,48,204
Brian Evans,SF,25,TOT,16,0,145,13,44,0.295,4,13,0.308,9,31,0.29,0.341,4,4,1.0,6,13,19,15,5,3,2,8,34
Patrick Ewing*,C,36,NYK,38,38,1300,247,568,0.435,0,2,0.0,247,566,0.436,0.435,163,231,0.706,74,303,377,43,30,100,99,105,657
Jamie Feick,PF-C,24,TOT,28,16,852,67,134,0.5,0,0,0.0,67,134,0.5,0.5,43,60,0.7170000000000001,112,176,288,24,25,18,34,73,177
Duane Ferrell,SF,33,GSW,8,0,46,1,14,0.071,0,0,0.0,1,14,0.071,0.071,3,4,0.75,5,1,6,0,1,1,1,4,5
Danny Ferry,PF,32,CLE,50,10,1058,141,296,0.47600000000000003,38,97,0.392,103,199,0.518,0.541,29,33,0.879,16,86,102,53,23,10,39,113,349
Michael Finley,SF,25,DAL,50,50,2051,389,876,0.444,45,136,0.331,344,740,0.465,0.47,186,226,0.823,69,194,263,218,66,15,107,96,1009
Derek Fisher,PG,24,LAL,50,21,1131,99,263,0.376,38,97,0.392,61,166,0.36700000000000005,0.449,60,79,0.759,21,70,91,197,61,1,77,95,296
Danny Fortson,PF,22,DEN,50,38,1417,191,386,0.495,0,3,0.0,191,383,0.499,0.495,168,231,0.727,210,371,581,32,31,22,77,212,550
Greg Foster,PF,30,UTA,42,1,458,52,138,0.377,1,4,0.25,51,134,0.381,0.38,13,21,0.619,28,55,83,25,6,8,24,63,118
Rick Fox,SF,29,LAL,44,1,944,148,330,0.44799999999999995,32,95,0.337,116,235,0.494,0.49700000000000005,66,89,0.742,26,63,89,89,28,10,56,114,394
Adonal Foyle,C,23,GSW,44,0,614,52,121,0.43,0,0,0.0,52,121,0.43,0.43,25,51,0.49,79,115,194,18,15,43,31,90,129
Todd Fuller,C,24,UTA,42,2,462,56,124,0.452,0,0,0.0,56,124,0.452,0.452,30,50,0.6,28,73,101,6,6,14,27,60,142
Lawrence Funderburke,PF,28,SAC,47,2,936,167,299,0.5589999999999999,1,5,0.2,166,294,0.565,0.56,85,120,0.708,101,121,222,30,22,23,52,77,420
Kevin Garnett,PF,22,MIN,47,47,1780,414,900,0.46,4,14,0.28600000000000003,410,886,0.46299999999999997,0.462,145,206,0.7040000000000001,166,323,489,202,78,83,135,152,977
Marlon Garnett,PG,23,BOS,24,0,205,15,51,0.294,6,23,0.261,9,28,0.321,0.353,15,20,0.75,3,18,21,18,5,1,12,18,51
Dean Garrett,C,32,MIN,49,37,1054,116,231,0.502,0,0,0.0,116,231,0.502,0.502,38,51,0.745,99,158,257,28,30,45,29,113,270
Pat Garrity,PF,22,PHO,39,9,538,85,170,0.5,7,18,0.389,78,152,0.513,0.521,40,56,0.7140000000000001,26,49,75,18,8,3,20,62,217
Chris Gatling,C,31,TOT,48,3,775,117,265,0.442,1,8,0.125,116,257,0.451,0.44299999999999995,37,93,0.39799999999999996,52,127,179,32,32,10,62,118,272
Andrew Gaze,SG,33,SAS,19,0,58,8,25,0.32,5,16,0.313,3,9,0.33299999999999996,0.42,0,0,0.0,2,3,5,6,2,1,4,7,21
Matt Geiger,C,29,PHI,50,40,1540,266,555,0.479,1,5,0.2,265,550,0.48200000000000004,0.48,141,177,0.797,137,225,362,58,39,40,101,157,674
Kendall Gill,SF,30,NJN,50,47,1606,236,593,0.39799999999999996,2,17,0.11800000000000001,234,576,0.406,0.4,114,167,0.6829999999999999,61,183,244,123,134,26,71,162,588
Armen Gilliam,PF,34,MIL,34,5,668,101,223,0.45299999999999996,0,1,0.0,101,222,0.455,0.45299999999999996,79,101,0.782,33,93,126,19,22,12,36,48,281
Brian Grant,PF,26,POR,48,46,1525,183,382,0.479,0,0,0.0,183,382,0.479,0.479,184,226,0.8140000000000001,173,297,470,67,21,34,96,136,550
Gary Grant,PG,33,POR,2,0,7,0,1,0.0,0,0,0.0,0,1,0.0,0.0,0,0,0.0,0,0,0,3,1,0,0,0,0
Harvey Grant,PF,33,PHI,47,10,798,62,168,0.369,1,6,0.16699999999999998,61,162,0.377,0.37200000000000005,21,29,0.7240000000000001,36,74,110,23,20,16,21,73,146
Horace Grant,PF,33,ORL,50,50,1660,198,456,0.434,0,2,0.0,198,454,0.436,0.434,47,70,0.6709999999999999,117,234,351,90,46,60,44,99,443
Paul Grant,C,25,TOT,6,0,13,2,6,0.33299999999999996,0,0,0.0,2,6,0.33299999999999996,0.33299999999999996,0,0,0.0,1,0,1,0,1,0,2,4,4
Ed Gray,SG,23,ATL,30,3,337,53,182,0.29100000000000004,12,42,0.28600000000000003,41,140,0.293,0.324,28,37,0.757,7,21,28,12,12,1,29,30,146
A.C. Green,PF,35,DAL,50,35,924,108,256,0.42200000000000004,0,8,0.0,108,248,0.435,0.42200000000000004,30,52,0.5770000000000001,82,146,228,25,28,8,19,69,246
Litterial Green,PG,28,CLE,1,0,2,0,1,0.0,0,0,0.0,0,1,0.0,0.0,0,0,0.0,0,0,0,0,0,0,0,0,0
Tom Gugliotta,PF,29,PHO,43,43,1563,277,573,0.483,2,7,0.28600000000000003,275,566,0.486,0.485,173,218,0.794,131,250,381,121,59,21,88,110,729
Tom Hammonds,PF,31,MIN,49,0,716,82,179,0.45799999999999996,0,0,0.0,82,179,0.45799999999999996,0.45799999999999996,48,75,0.64,54,82,136,20,8,7,32,88,212
Anfernee Hardaway,SG,27,ORL,50,50,1944,301,717,0.42,40,140,0.28600000000000003,261,577,0.452,0.44799999999999995,149,211,0.706,74,210,284,266,111,23,150,111,791
Tim Hardaway,PG,32,MIA,48,48,1772,301,752,0.4,112,311,0.36,189,441,0.429,0.475,121,149,0.812,15,137,152,352,57,6,131,102,835
Derek Harper,PG,37,LAL,45,29,1120,120,291,0.41200000000000003,43,117,0.368,77,174,0.44299999999999995,0.486,26,32,0.813,13,54,67,187,44,4,52,66,309
Ron Harper,SG,35,CHI,35,35,1107,147,390,0.377,27,85,0.318,120,305,0.39299999999999996,0.41200000000000003,71,101,0.703,49,131,180,115,60,35,65,80,392
Matt Harpring,SF,22,ORL,50,22,1114,148,320,0.46299999999999997,10,25,0.4,138,295,0.46799999999999997,0.478,102,143,0.713,88,126,214,45,30,6,73,112,408
Al Harrington,PF,18,IND,21,0,160,18,56,0.321,0,5,0.0,18,51,0.353,0.321,9,15,0.6,20,19,39,5,4,2,11,26,45
Othella Harrington,PF,25,HOU,41,10,903,156,304,0.513,0,0,0.0,156,304,0.513,0.513,88,122,0.721,72,174,246,15,6,25,61,103,400
Lucious Harris,SG,28,NJN,36,5,602,73,181,0.40299999999999997,11,50,0.22,62,131,0.473,0.434,36,48,0.75,21,46,67,31,18,7,18,52,193
Hersey Hawkins,SG,32,SEA,50,34,1644,171,408,0.419,55,180,0.306,116,228,0.509,0.48700000000000004,119,132,0.902,51,150,201,123,80,18,80,90,516
Michael Hawkins,PG,26,SAC,24,0,203,14,40,0.35,5,19,0.263,9,21,0.429,0.413,3,3,1.0,10,15,25,27,3,1,13,14,36
Alan Henderson,SF,26,ATL,38,37,1142,187,423,0.442,0,1,0.0,187,422,0.44299999999999995,0.442,100,149,0.6709999999999999,100,150,250,28,33,19,58,96,474
Cedric Henderson,SF,23,CLE,50,48,1517,189,453,0.41700000000000004,2,12,0.16699999999999998,187,441,0.424,0.419,74,91,0.813,45,152,197,113,58,24,97,136,454
J.R. Henderson,SF,22,VAN,30,0,331,35,96,0.365,2,5,0.4,33,91,0.363,0.375,25,45,0.556,20,27,47,22,9,4,18,29,97
Mark Hendrickson,PF,24,NJN,22,6,399,39,88,0.44299999999999995,0,1,0.0,39,87,0.44799999999999995,0.44299999999999995,42,50,0.84,27,41,68,13,12,1,15,39,120
Steve Henson,PG,30,DET,4,0,25,1,2,0.5,0,0,0.0,1,2,0.5,0.5,2,2,1.0,0,0,0,3,1,0,3,1,4
Carl Herrera,PF,32,TOT,28,0,307,30,76,0.395,0,1,0.0,30,75,0.4,0.395,5,11,0.455,25,37,62,4,12,7,16,41,65
Grant Hill*,SF,26,DET,50,50,1852,384,802,0.479,0,14,0.0,384,788,0.48700000000000004,0.479,285,379,0.752,65,290,355,300,80,27,184,114,1053
Tyrone Hill,PF,30,TOT,38,23,1104,122,268,0.455,0,0,0.0,122,268,0.455,0.455,81,150,0.54,115,172,287,35,34,16,59,145,325
Fred Hoiberg,SG,26,IND,12,0,87,6,21,0.28600000000000003,1,9,0.111,5,12,0.41700000000000004,0.31,6,6,1.0,2,9,11,4,0,0,3,11,19
Jerald Honeycutt,PF,24,TOT,16,0,102,9,32,0.281,5,17,0.294,4,15,0.267,0.359,7,10,0.7,3,9,12,3,5,2,9,16,30
Jeff Hornacek,SG,35,UTA,48,48,1435,214,449,0.47700000000000004,34,81,0.42,180,368,0.489,0.514,125,140,0.893,33,127,160,192,52,14,82,95,587
Robert Horry,PF,28,LAL,38,5,744,67,146,0.45899999999999996,20,45,0.444,47,101,0.465,0.527,34,46,0.7390000000000001,56,96,152,56,36,39,49,103,188
Allan Houston,SG,27,NYK,50,50,1815,294,703,0.418,57,140,0.40700000000000003,237,563,0.42100000000000004,0.45899999999999996,168,195,0.862,20,132,152,137,35,9,130,115,813
Juwan Howard,SF,25,WAS,36,36,1430,286,604,0.474,0,3,0.0,286,601,0.47600000000000003,0.474,110,146,0.753,90,203,293,107,42,14,95,130,682
Troy Hudson,PG,22,LAC,25,6,524,60,150,0.4,15,47,0.319,45,103,0.43700000000000006,0.45,34,38,0.895,15,40,55,92,11,2,38,28,169
Larry Hughes,PG,20,PHI,50,1,988,170,414,0.41100000000000003,8,52,0.154,162,362,0.44799999999999995,0.42,107,151,0.7090000000000001,83,106,189,77,44,14,68,97,455
Lindsey Hunter,PG,28,DET,49,49,1755,228,524,0.435,59,153,0.386,169,371,0.456,0.491,67,89,0.753,26,142,168,193,86,8,92,126,582
Zydrunas Ilgauskas,C,23,CLE,5,5,171,29,57,0.509,0,0,0.0,29,57,0.509,0.509,18,30,0.6,17,27,44,4,4,7,9,24,76
Allen Iverson*,SG,23,PHI,48,48,1990,435,1056,0.41200000000000003,58,199,0.29100000000000004,377,857,0.44,0.439,356,474,0.7509999999999999,66,170,236,223,110,7,167,98,1284
Bobby Jackson,PG,25,MIN,50,12,941,141,348,0.405,10,27,0.37,131,321,0.408,0.42,61,79,0.772,43,92,135,167,39,3,75,75,353
Jaren Jackson,SG,31,SAS,47,13,861,108,284,0.38,53,147,0.361,55,137,0.401,0.474,32,39,0.821,21,78,99,49,41,9,37,63,301
Jim Jackson,SG,28,POR,49,9,1175,152,370,0.41100000000000003,25,90,0.278,127,280,0.45399999999999996,0.445,85,101,0.8420000000000001,36,123,159,128,43,6,82,80,414
Mark Jackson,PG,33,IND,49,49,1382,138,329,0.419,32,103,0.311,106,226,0.469,0.46799999999999997,65,79,0.823,33,151,184,386,42,3,99,58,373
Randell Jackson,PF,23,WAS,27,8,271,46,108,0.426,1,7,0.14300000000000002,45,101,0.446,0.431,21,32,0.6559999999999999,30,24,54,8,3,11,26,29,114
Sam Jacobson,PG,23,LAL,2,0,12,3,5,0.6,0,1,0.0,3,4,0.75,0.6,2,2,1.0,0,3,3,0,0,0,1,2,8
Jerome James,C,23,SAC,16,0,42,9,24,0.375,0,0,0.0,9,24,0.375,0.375,6,12,0.5,6,11,17,1,2,6,9,11,24
Antawn Jamison,SF,22,GSW,47,24,1058,178,394,0.452,3,10,0.3,175,384,0.456,0.456,90,153,0.588,131,170,301,34,38,16,68,102,449
Anthony Johnson,PG,24,ATL,49,2,885,91,225,0.40399999999999997,5,19,0.263,86,206,0.41700000000000004,0.41600000000000004,57,82,0.695,16,59,75,107,35,7,65,67,244
Avery Johnson,PG,33,SAS,50,50,1672,218,461,0.473,1,12,0.083,217,449,0.483,0.474,50,88,0.568,22,96,118,369,51,11,112,101,487
Eddie Johnson,SF,39,HOU,3,0,18,6,13,0.462,0,1,0.0,6,12,0.5,0.462,0,0,0.0,0,2,2,1,0,0,2,3,12
Ervin Johnson,C,31,MIL,50,7,1027,96,189,0.508,0,0,0.0,96,189,0.508,0.508,64,105,0.61,120,200,320,19,29,57,47,151,256
Larry Johnson,PF,29,NYK,49,48,1639,210,458,0.45899999999999996,33,92,0.359,177,366,0.484,0.495,134,164,0.8170000000000001,91,193,284,119,34,10,89,147,587
Charles Jones,SG,23,CHI,29,5,476,39,123,0.317,19,61,0.311,20,62,0.32299999999999995,0.39399999999999996,11,22,0.5,9,33,42,41,18,5,29,30,108
Damon Jones,PG,22,TOT,24,0,344,43,119,0.361,25,62,0.40299999999999997,18,57,0.316,0.466,14,17,0.8240000000000001,6,38,44,42,13,0,17,23,125
Eddie Jones,SF-SG,27,TOT,50,50,1881,260,595,0.43700000000000006,48,142,0.33799999999999997,212,453,0.46799999999999997,0.47700000000000004,212,271,0.782,50,144,194,186,125,58,93,128,780
Popeye Jones,PF,28,BOS,18,2,206,20,51,0.392,0,1,0.0,20,50,0.4,0.392,14,17,0.8240000000000001,28,24,52,15,5,0,7,31,54
Adonis Jordan,PG,28,MIL,4,0,18,2,4,0.5,0,2,0.0,2,2,1.0,0.5,2,4,0.5,0,0,0,3,3,0,2,0,6
Reggie Jordan,SG,31,MIN,27,1,296,15,54,0.278,0,0,0.0,15,54,0.278,0.278,21,38,0.5529999999999999,27,32,59,41,12,5,14,38,51
Adam Keefe,PF,28,UTA,44,0,642,56,124,0.452,0,4,0.0,56,120,0.467,0.452,62,89,0.6970000000000001,51,91,142,28,16,12,33,63,174
Shawn Kemp,PF,29,CLE,42,42,1475,277,575,0.48200000000000004,1,2,0.5,276,573,0.48200000000000004,0.483,307,389,0.789,131,257,388,101,48,45,127,159,862
Jonathan Kerner,C,24,ORL,1,0,5,0,1,0.0,0,0,0.0,0,1,0.0,0.0,0,0,0.0,0,0,0,0,0,0,0,2,0
Steve Kerr,PG,33,SAS,44,0,734,68,174,0.391,25,80,0.313,43,94,0.457,0.46299999999999997,31,35,0.8859999999999999,6,38,44,49,23,3,22,28,192
Jerome Kersey,SF,36,SAS,45,0,699,68,200,0.34,3,14,0.214,65,186,0.349,0.348,6,14,0.429,42,88,130,41,37,14,30,92,145
Jason Kidd*,PG,25,PHO,50,50,2060,310,698,0.444,45,123,0.366,265,575,0.461,0.47600000000000003,181,239,0.757,87,252,339,539,114,19,150,108,846
Chris King,SF,29,UTA,8,0,42,2,7,0.28600000000000003,0,0,0.0,2,7,0.28600000000000003,0.28600000000000003,0,4,0.0,1,10,11,1,2,1,4,8,4
Gerard King,SF,26,SAS,19,0,63,6,14,0.429,0,0,0.0,6,14,0.429,0.429,11,18,0.611,6,8,14,4,2,1,4,12,23
Kerry Kittles,SG,24,NJN,46,40,1570,227,613,0.37,50,158,0.316,177,455,0.389,0.41100000000000003,88,114,0.772,52,139,191,116,79,26,66,82,592
Joe Kleine,C,37,PHO,31,5,374,30,74,0.405,0,2,0.0,30,72,0.41700000000000004,0.405,8,12,0.667,27,40,67,12,8,1,10,46,68
Brevin Knight,PG,23,CLE,39,38,1186,134,315,0.425,0,5,0.0,134,310,0.43200000000000005,0.425,105,141,0.745,16,115,131,302,70,7,105,115,373
Negele Knight,PG,31,TOR,6,0,56,3,8,0.375,0,1,0.0,3,7,0.429,0.375,2,4,0.5,1,5,6,8,1,0,7,5,8
Travis Knight,C,24,LAL,37,23,525,67,130,0.515,0,1,0.0,67,129,0.519,0.515,22,29,0.759,34,94,128,31,21,27,35,108,156
Toni Kukoč,SF,30,CHI,44,44,1654,315,750,0.42,39,137,0.285,276,613,0.45,0.446,159,215,0.74,65,245,310,235,49,11,121,82,828
Christian Laettner,PF,29,DET,16,0,337,38,106,0.358,1,3,0.33299999999999996,37,103,0.359,0.363,44,57,0.772,21,33,54,24,15,12,19,30,121
Raef LaFrentz,C,22,DEN,12,12,387,59,129,0.457,12,31,0.387,47,98,0.48,0.504,36,48,0.75,33,58,91,8,9,17,9,38,166
Andrew Lang,C,32,CHI,21,13,386,32,99,0.32299999999999995,0,0,0.0,32,99,0.32299999999999995,0.32299999999999995,16,23,0.696,33,60,93,13,5,12,17,43,80
Antonio Lang,PF,26,CLE,10,0,65,4,6,0.667,0,0,0.0,4,6,0.667,0.667,5,9,0.556,6,10,16,1,2,1,4,13,13
Rusty LaRue,PG,25,CHI,43,6,732,78,217,0.359,30,89,0.337,48,128,0.375,0.429,17,17,1.0,9,47,56,63,33,3,34,66,203
Tim Legler,SG,32,WAS,30,0,377,51,115,0.44299999999999995,14,35,0.4,37,80,0.46299999999999997,0.504,3,6,0.5,8,32,40,21,4,3,14,42,119
Voshon Lenard,SG,25,MIA,12,2,190,31,79,0.392,12,35,0.34299999999999997,19,44,0.43200000000000005,0.46799999999999997,8,11,0.727,4,12,16,10,3,1,7,18,82
Rashard Lewis,SF,19,SEA,20,7,145,19,52,0.365,1,6,0.16699999999999998,18,46,0.391,0.375,8,14,0.5710000000000001,13,12,25,4,8,1,20,19,47
Randy Livingston,PG,23,PHO,1,0,22,5,8,0.625,0,0,0.0,5,8,0.625,0.625,2,2,1.0,0,2,2,3,2,0,1,1,12
Grant Long,PF,32,ATL,50,13,1380,151,359,0.42100000000000004,3,18,0.16699999999999998,148,341,0.434,0.425,184,235,0.7829999999999999,100,196,296,53,57,16,74,143,489
Luc Longley,C,30,PHO,39,39,933,140,290,0.483,0,0,0.0,140,290,0.483,0.483,59,76,0.7759999999999999,59,162,221,45,23,21,53,119,339
Felipe López,SG,24,VAN,47,32,1218,169,379,0.446,12,44,0.273,157,335,0.469,0.462,87,135,0.644,69,97,166,62,49,14,82,128,437
Tyronn Lue,PG,21,LAL,15,0,188,28,65,0.431,7,16,0.43799999999999994,21,49,0.429,0.485,12,21,0.5710000000000001,2,4,6,25,5,0,11,28,75
George Lynch,SF,28,PHI,43,43,1315,147,349,0.42100000000000004,9,23,0.391,138,326,0.423,0.434,53,84,0.631,110,169,279,76,85,22,79,142,356
Sam Mack,SF,28,TOT,44,15,1083,167,384,0.435,87,219,0.397,80,165,0.485,0.5479999999999999,51,58,0.879,14,81,95,55,35,4,33,94,472
Don MacLean,PF,29,SEA,17,10,365,63,159,0.396,9,33,0.273,54,126,0.429,0.425,50,80,0.625,18,47,65,16,5,5,25,34,185
Mark Macon,SG,29,DET,7,3,69,4,20,0.2,1,3,0.33299999999999996,3,17,0.17600000000000002,0.225,0,0,0.0,3,2,5,4,5,1,6,6,9
Rick Mahorn,PF,40,PHI,16,0,127,5,18,0.278,0,0,0.0,5,18,0.278,0.278,3,8,0.375,7,16,23,2,5,1,6,22,13
Dan Majerle,SG,33,MIA,48,48,1624,118,298,0.396,68,203,0.335,50,95,0.526,0.51,33,46,0.7170000000000001,21,187,208,150,38,7,55,100,337
Karl Malone*,PF,35,UTA,49,49,1832,393,797,0.493,0,1,0.0,393,796,0.494,0.493,378,480,0.7879999999999999,107,356,463,201,62,28,162,134,1164
Matt Maloney,PG,27,HOU,15,7,186,5,28,0.179,1,15,0.067,4,13,0.308,0.196,10,11,0.909,2,8,10,21,4,0,14,7,21
Danny Manning,PF,32,PHO,50,5,1184,187,386,0.484,1,9,0.111,186,377,0.493,0.486,78,112,0.696,62,157,219,113,36,38,69,129,453
Stephon Marbury,PG,21,TOT,49,49,1895,378,883,0.428,66,197,0.335,312,686,0.455,0.465,222,278,0.799,37,105,142,437,59,8,164,125,1044
Sean Marks,PF,23,TOR,8,0,28,5,8,0.625,0,0,0.0,5,8,0.625,0.625,1,2,0.5,0,1,1,0,1,0,3,3,11
Donyell Marshall,SF,25,GSW,48,20,1250,208,494,0.42100000000000004,26,72,0.361,182,422,0.431,0.447,88,121,0.727,115,227,342,66,47,37,80,123,530
Darrick Martin,PG,27,LAC,37,25,941,102,278,0.36700000000000005,31,106,0.292,71,172,0.413,0.423,61,76,0.8029999999999999,5,43,48,144,43,4,67,82,296
Jamal Mashburn,SF,26,MIA,24,23,855,134,297,0.451,13,30,0.433,121,267,0.45299999999999996,0.473,75,104,0.721,24,122,146,75,20,3,60,58,356
Tony Massenburg,PF,31,VAN,43,35,1143,189,388,0.48700000000000004,0,2,0.0,189,386,0.49,0.48700000000000004,103,155,0.665,83,174,257,23,26,39,64,108,481
Vernon Maxwell,SG,33,SAC,46,1,1007,164,421,0.39,80,231,0.34600000000000003,84,190,0.442,0.485,84,114,0.737,13,72,85,76,30,3,67,111,492
Lee Mayberry,PG,28,VAN,9,0,126,7,19,0.368,2,10,0.2,5,9,0.556,0.42100000000000004,4,5,0.8,0,3,3,23,7,0,11,13,20
Kelly McCarty,SG,23,DEN,2,0,4,2,3,0.667,0,0,0.0,2,3,0.667,0.667,0,0,0.0,2,1,3,0,0,0,2,0,4
Walter McCarty,PF,24,BOS,32,4,659,64,177,0.36200000000000004,13,50,0.26,51,127,0.402,0.39799999999999996,40,57,0.7020000000000001,36,79,115,40,24,13,40,88,181
George McCloud,SF,31,PHO,48,16,1245,142,324,0.43799999999999994,69,166,0.41600000000000004,73,158,0.462,0.545,75,87,0.862,34,128,162,79,45,14,49,128,428
Jelani McCoy,C,21,SEA,26,0,331,56,76,0.737,0,0,0.0,56,76,0.737,0.737,21,42,0.5,27,52,79,4,11,20,10,42,133
Antonio McDyess,C,24,DEN,50,50,1937,415,882,0.47100000000000003,1,9,0.111,414,873,0.474,0.47100000000000003,230,338,0.68,168,369,537,82,73,115,138,175,1061
Tracy McGrady*,SF,19,TOR,49,2,1106,168,385,0.436,8,35,0.22899999999999998,160,350,0.457,0.447,114,157,0.726,120,158,278,113,52,66,80,94,458
Jim McIlvaine,C,26,NJN,22,1,269,22,51,0.431,0,0,0.0,22,51,0.431,0.431,4,6,0.667,31,23,54,2,9,32,13,59,48
Jeff McInnis,PG,24,WAS,35,6,427,50,134,0.373,9,35,0.257,41,99,0.414,0.40700000000000003,21,28,0.75,9,12,21,73,19,1,30,36,130
Derrick McKey,SF,32,IND,13,0,244,23,52,0.442,0,1,0.0,23,51,0.451,0.442,14,17,0.8240000000000001,18,23,41,13,12,4,12,24,60
Aaron McKie,SG,26,PHI,50,4,959,95,237,0.401,6,31,0.19399999999999998,89,206,0.43200000000000005,0.414,44,62,0.71,27,113,140,100,63,3,57,90,240
Roshown McLeod,SF,23,ATL,34,0,348,62,163,0.38,1,10,0.1,61,153,0.39899999999999997,0.38299999999999995,37,45,0.8220000000000001,12,38,50,14,2,1,23,24,162
Ron Mercer,SG,22,BOS,41,40,1551,305,707,0.431,5,30,0.16699999999999998,300,677,0.44299999999999995,0.435,83,105,0.79,37,118,155,104,67,12,89,81,698
Loren Meyer,C,26,DEN,14,0,70,7,28,0.25,1,5,0.2,6,23,0.261,0.268,1,2,0.5,4,12,16,1,0,3,4,22,16
Marko Milič,SG,21,PHO,11,0,53,8,20,0.4,0,1,0.0,8,19,0.42100000000000004,0.4,0,0,0.0,3,2,5,2,3,1,6,7,16
Anthony Miller,PF,27,HOU,29,0,249,28,60,0.467,0,1,0.0,28,59,0.475,0.467,14,22,0.636,26,41,67,7,7,5,9,34,70
Brad Miller,C,22,CHH,38,0,469,78,138,0.565,1,2,0.5,77,136,0.5660000000000001,0.569,81,102,0.794,35,82,117,22,9,18,32,65,238
Oliver Miller,C,28,SAC,4,0,35,5,11,0.455,0,0,0.0,5,11,0.455,0.455,0,0,0.0,7,1,8,0,0,2,4,3,10
Reggie Miller*,SG,33,IND,50,50,1787,294,671,0.43799999999999994,106,275,0.385,188,396,0.475,0.517,226,247,0.915,25,110,135,112,37,9,76,101,920
Chris Mills,SF,29,GSW,47,24,1395,186,453,0.41100000000000003,32,115,0.278,154,338,0.456,0.446,79,96,0.823,49,188,237,103,39,14,58,125,483
Terry Mills,PF,31,MIA,1,0,29,3,8,0.375,2,4,0.5,1,4,0.25,0.5,1,2,0.5,3,1,4,0,1,0,3,3,9
Greg Minor,SG,27,BOS,44,7,765,85,204,0.41700000000000004,8,28,0.28600000000000003,77,176,0.43799999999999994,0.436,36,48,0.75,31,86,117,50,20,6,38,69,214
Sam Mitchell,SF,35,MIN,50,20,1344,213,522,0.408,9,38,0.237,204,484,0.42100000000000004,0.41700000000000004,126,165,0.764,55,127,182,98,35,16,34,111,561
Cuttino Mobley,PG,23,HOU,49,37,1456,172,405,0.425,53,148,0.358,119,257,0.46299999999999997,0.49,90,110,0.818,22,89,111,121,44,23,79,98,487
Nazr Mohammed,C,21,PHI,26,0,121,15,42,0.35700000000000004,0,0,0.0,15,42,0.35700000000000004,0.35700000000000004,12,21,0.5710000000000001,18,19,37,2,5,4,12,22,42
Eric Montross,C,27,DET,46,2,577,42,80,0.525,0,1,0.0,42,79,0.532,0.525,11,32,0.344,45,94,139,14,12,27,16,107,95
Mikki Moore,C,23,DET,2,0,6,1,1,1.0,0,0,0.0,1,1,1.0,1.0,2,2,1.0,0,1,1,0,0,0,0,0,4
Chris Morris,SF,33,PHO,44,2,535,64,149,0.43,16,56,0.28600000000000003,48,93,0.516,0.483,40,46,0.87,54,67,121,23,16,11,21,54,184
Alonzo Mourning*,C,28,MIA,46,46,1753,324,634,0.511,0,2,0.0,324,632,0.513,0.511,276,423,0.652,166,341,507,74,34,180,139,161,924
Chris Mullin*,SF,35,IND,50,50,1179,177,371,0.47700000000000004,73,157,0.465,104,214,0.486,0.575,80,92,0.87,25,135,160,81,47,13,60,101,507
Eric Murdock,PG,30,NJN,15,8,401,45,114,0.395,8,22,0.364,37,92,0.402,0.43,21,26,0.8079999999999999,3,32,35,66,22,2,29,35,119
Gheorghe Mureșan,C,27,NJN,1,0,1,0,1,0.0,0,0,0.0,0,1,0.0,0.0,0,0,0.0,0,0,0,0,0,0,1,0,0
Lamond Murray,SF,25,LAC,50,13,1317,226,578,0.391,34,103,0.33,192,475,0.40399999999999997,0.42,126,157,0.8029999999999999,59,136,195,61,58,20,99,107,612
Tracy Murray,SF,27,WAS,36,0,653,83,237,0.35,33,103,0.32,50,134,0.373,0.42,34,42,0.81,18,63,81,27,21,6,29,65,233
Dikembe Mutombo*,C,32,ATL,50,50,1829,173,338,0.512,0,0,0.0,173,338,0.512,0.512,195,285,0.684,192,418,610,57,16,147,94,145,541
Makhtar N'Diaye,PF,25,VAN,4,0,27,1,4,0.25,0,0,0.0,1,4,0.25,0.25,3,4,0.75,3,2,5,1,0,1,1,9,5
Steve Nash*,PG,24,DAL,40,40,1269,114,314,0.363,49,131,0.374,65,183,0.355,0.441,38,46,0.826,32,82,114,219,37,2,83,98,315
Tyrone Nesby,SF,23,LAC,50,36,1288,182,405,0.449,35,96,0.365,147,309,0.47600000000000003,0.493,104,133,0.782,57,118,175,82,77,20,53,143,503
Rasho Nesterović,C,22,MIN,2,0,30,3,12,0.25,0,0,0.0,3,12,0.25,0.25,2,2,1.0,3,5,8,1,0,0,1,5,8
Johnny Newman,SF,35,CLE,50,2,949,106,251,0.42200000000000004,23,61,0.377,83,190,0.43700000000000006,0.46799999999999997,68,84,0.81,15,60,75,41,28,12,41,126,303
Moochie Norris,PG,25,SEA,12,0,140,13,40,0.325,6,15,0.4,7,25,0.28,0.4,6,16,0.375,4,16,20,24,7,0,16,17,38
Dirk Nowitzki,PF,20,DAL,47,24,958,136,336,0.405,14,68,0.20600000000000002,122,268,0.455,0.426,99,128,0.773,41,121,162,47,29,27,73,105,385
Charles O'Bannon,SG,23,DET,18,1,165,24,56,0.429,0,1,0.0,24,55,0.436,0.429,8,8,1.0,18,16,34,12,2,3,8,22,56
Jermaine O'Neal,PF,20,POR,36,1,311,36,83,0.434,0,1,0.0,36,82,0.439,0.434,18,35,0.514,42,55,97,13,4,14,14,41,90
Shaquille O'Neal*,C,26,LAL,49,49,1705,510,885,0.5760000000000001,0,1,0.0,510,884,0.5770000000000001,0.5760000000000001,269,498,0.54,187,338,525,114,36,82,122,155,1289
Charles Oakley,PF,35,TOR,50,50,1633,140,327,0.428,1,5,0.2,139,322,0.43200000000000005,0.43,67,83,0.807,96,278,374,168,46,21,96,182,348
Hakeem Olajuwon*,C,36,HOU,50,50,1784,373,725,0.514,4,13,0.308,369,712,0.518,0.517,195,272,0.7170000000000001,106,372,478,88,82,123,139,160,945
Jimmy Oliver,SG,29,PHO,2,0,11,1,3,0.33299999999999996,1,1,1.0,0,2,0.0,0.5,0,0,0.0,0,0,0,0,0,0,0,2,3
Kevin Ollie,PG,26,TOT,8,0,72,4,14,0.28600000000000003,0,0,0.0,4,14,0.28600000000000003,0.28600000000000003,5,7,0.7140000000000001,0,7,7,3,3,1,3,9,13
Michael Olowokandi,C,23,LAC,45,36,1279,172,399,0.431,0,0,0.0,172,399,0.431,0.431,57,118,0.483,120,237,357,25,27,55,85,137,401
Greg Ostertag,C,25,UTA,48,48,1340,99,208,0.47600000000000003,0,0,0.0,99,208,0.47600000000000003,0.47600000000000003,75,121,0.62,105,243,348,23,12,131,45,140,273
Bo Outlaw,PF,27,ORL,31,22,851,84,154,0.545,0,3,0.0,84,151,0.556,0.545,35,81,0.43200000000000005,54,113,167,56,40,43,58,79,203
Doug Overton,PG,29,TOT,24,1,244,36,84,0.429,2,7,0.28600000000000003,34,77,0.442,0.44,18,20,0.9,7,14,21,23,5,1,20,18,92
Billy Owens,SF,29,SEA,21,19,451,65,165,0.39399999999999996,5,11,0.455,60,154,0.39,0.409,28,35,0.8,35,45,80,38,12,4,33,37,163
Robert Pack,PG,29,DAL,25,0,468,75,174,0.431,0,4,0.0,75,170,0.441,0.431,72,88,0.818,9,27,36,81,20,1,49,41,222
Anthony Parker,SG,23,PHI,2,0,3,1,1,1.0,0,0,0.0,1,1,1.0,1.0,0,0,0.0,0,0,0,0,0,0,0,0,2
Cherokee Parks,C,26,VAN,48,41,1118,118,275,0.429,0,1,0.0,118,274,0.431,0.429,30,55,0.545,75,168,243,36,28,28,49,114,266
Andrae Patterson,PF,23,MIN,35,0,284,43,97,0.44299999999999995,0,5,0.0,43,92,0.467,0.44299999999999995,28,36,0.778,30,35,65,15,19,7,22,62,114
Ruben Patterson,SF,23,LAL,24,2,144,21,51,0.41200000000000003,1,6,0.16699999999999998,20,45,0.444,0.42200000000000004,22,31,0.71,17,13,30,2,5,3,12,16,65
Gary Payton*,PG,30,SEA,50,50,2008,401,923,0.434,83,281,0.295,318,642,0.495,0.479,199,276,0.721,62,182,244,436,109,12,154,115,1084
Anthony Peeler,SG,29,MIN,28,28,810,103,272,0.379,34,114,0.298,69,158,0.43700000000000006,0.441,30,41,0.732,30,54,84,78,35,6,38,60,270
Will Perdue,C,33,SAS,37,1,445,38,60,0.633,0,0,0.0,38,60,0.633,0.633,14,26,0.5379999999999999,33,105,138,18,9,10,22,63,90
Sam Perkins,PF,37,IND,48,0,789,80,200,0.4,35,90,0.389,45,110,0.409,0.488,43,60,0.7170000000000001,36,102,138,25,15,14,22,74,238
Elliot Perry,PG,29,TOT,35,0,290,39,103,0.379,10,24,0.41700000000000004,29,79,0.36700000000000005,0.42700000000000005,10,14,0.7140000000000001,7,27,34,47,20,0,34,25,98
Chuck Person,SF,34,CHH,50,21,990,112,289,0.38799999999999996,55,157,0.35,57,132,0.43200000000000005,0.483,24,32,0.75,17,115,132,60,20,8,41,90,303
Wesley Person,SG,27,CLE,45,42,1342,198,437,0.45299999999999996,75,200,0.375,123,237,0.519,0.539,32,53,0.604,19,123,142,80,37,16,41,52,503
Bobby Phills,SG,29,CHH,43,43,1574,215,497,0.433,68,172,0.395,147,325,0.452,0.501,115,168,0.685,39,135,174,149,60,25,92,124,613
Eric Piatkowski,SG,28,LAC,49,38,1242,180,417,0.43200000000000005,65,165,0.39399999999999996,115,252,0.456,0.51,88,102,0.863,39,101,140,53,44,6,53,86,513
Paul Pierce,SF,21,BOS,48,47,1632,284,647,0.439,84,204,0.41200000000000003,200,443,0.451,0.504,139,195,0.713,117,192,309,115,82,50,113,139,791
Scottie Pippen*,SF,33,HOU,50,50,2011,261,604,0.43200000000000005,72,212,0.34,189,392,0.48200000000000004,0.49200000000000005,132,183,0.721,63,260,323,293,98,37,159,118,726
Scot Pollard,C,23,SAC,16,5,259,33,61,0.541,0,0,0.0,33,61,0.541,0.541,16,23,0.696,38,44,82,4,8,18,5,41,82
Olden Polynice,C,34,SEA,48,47,1481,169,358,0.47200000000000003,1,1,1.0,168,357,0.47100000000000003,0.473,29,94,0.309,184,241,425,43,20,30,49,150,368
Mark Pope,SF,26,IND,4,0,26,1,7,0.14300000000000002,0,4,0.0,1,3,0.33299999999999996,0.14300000000000002,0,1,0.0,2,2,4,0,0,0,1,6,2
Terry Porter,PG,35,MIA,50,1,1365,172,370,0.465,58,141,0.41100000000000003,114,229,0.498,0.5429999999999999,123,148,0.831,13,127,140,146,48,11,74,97,525
Vitaly Potapenko,C,23,TOT,50,44,1394,204,412,0.495,0,1,0.0,204,411,0.496,0.495,91,155,0.5870000000000001,114,218,332,75,35,36,100,169,499
Brent Price,PG,30,HOU,40,6,806,100,207,0.483,46,112,0.41100000000000003,54,95,0.568,0.594,46,61,0.754,18,60,78,113,33,1,65,90,292
Theo Ratliff,PF,25,PHI,50,50,1627,197,419,0.47,0,0,0.0,197,419,0.47,0.47,166,229,0.725,139,268,407,30,45,149,92,180,560
Eldridge Recasner,PG,31,CHH,44,2,708,82,184,0.446,24,60,0.4,58,124,0.46799999999999997,0.511,34,39,0.872,20,57,77,91,17,1,58,66,222
Bryant Reeves,C,25,VAN,25,14,702,102,251,0.406,0,1,0.0,102,250,0.408,0.406,67,116,0.578,50,88,138,37,13,8,47,103,271
Khalid Reeves,PG,26,DET,11,0,112,8,21,0.381,1,3,0.33299999999999996,7,18,0.389,0.405,8,14,0.5710000000000001,3,4,7,11,4,0,7,13,25
Don Reid,PF,25,DET,47,30,935,97,174,0.557,0,0,0.0,97,174,0.557,0.557,48,79,0.608,66,104,170,33,27,43,36,156,242
J.R. Reid,PF,30,TOT,41,26,1029,132,277,0.47700000000000004,0,1,0.0,132,276,0.478,0.47700000000000004,105,137,0.7659999999999999,45,167,212,48,37,10,51,135,369
Shawn Respert,SG,26,PHO,12,1,99,13,36,0.361,4,13,0.308,9,23,0.391,0.41700000000000004,7,10,0.7,2,11,13,8,5,0,5,10,37
Rodrick Rhodes,SG-SF,25,TOT,13,1,156,13,52,0.25,1,7,0.14300000000000002,12,45,0.267,0.26,16,25,0.64,9,8,17,11,5,2,20,21,43
Glen Rice,SF,31,LAL,27,25,985,171,396,0.43200000000000005,53,135,0.39299999999999996,118,261,0.452,0.499,77,90,0.856,9,90,99,71,17,6,45,67,472
Pooh Richardson,PG,32,LAC,11,0,130,12,36,0.33299999999999996,0,6,0.0,12,30,0.4,0.33299999999999996,4,4,1.0,1,12,13,30,4,0,9,5,28
Mitch Richmond*,SG,33,WAS,50,50,1912,331,803,0.41200000000000003,70,221,0.317,261,582,0.44799999999999995,0.456,251,293,0.857,30,142,172,122,64,10,136,121,983
Isaiah Rider,SG,27,POR,47,41,1385,249,605,0.41200000000000003,42,111,0.37799999999999995,207,494,0.419,0.446,111,147,0.755,59,137,196,104,25,9,95,100,651
Eric Riley,C,28,BOS,35,11,337,28,54,0.519,0,0,0.0,28,54,0.519,0.519,22,31,0.71,36,63,99,13,9,26,26,73,78
Stanley Roberts,C,28,HOU,6,0,33,5,13,0.385,0,0,0.0,5,13,0.385,0.385,4,8,0.5,4,7,11,0,0,1,4,2,14
Clifford Robinson,SF,32,PHO,50,35,1740,299,629,0.475,58,139,0.41700000000000004,241,490,0.49200000000000005,0.521,163,234,0.6970000000000001,69,158,227,128,75,59,88,153,819
David Robinson*,C,33,SAS,49,49,1554,268,527,0.509,0,1,0.0,268,526,0.51,0.509,239,363,0.6579999999999999,148,344,492,103,69,119,108,143,775
Glenn Robinson,SF,26,MIL,47,47,1579,347,756,0.45899999999999996,31,79,0.392,316,677,0.467,0.479,140,161,0.87,73,203,276,100,46,41,106,114,865
James Robinson,PG,28,TOT,31,0,506,67,185,0.36200000000000004,21,74,0.284,46,111,0.414,0.419,28,41,0.6829999999999999,18,44,62,56,22,8,44,60,183
Dennis Rodman*,PF,37,LAL,23,11,657,16,46,0.348,0,2,0.0,16,44,0.364,0.348,17,39,0.436,62,196,258,30,10,12,31,71,49
Carlos Rogers,PF,27,POR,2,0,8,2,2,1.0,0,0,0.0,2,2,1.0,1.0,1,4,0.25,0,1,1,1,0,0,0,2,5
Rodney Rogers,SF,27,LAC,47,7,968,131,297,0.441,18,63,0.28600000000000003,113,234,0.483,0.47100000000000003,68,101,0.6729999999999999,65,114,179,77,47,22,66,140,348
Sean Rooks,C,29,LAL,36,0,315,32,79,0.405,0,2,0.0,32,77,0.41600000000000004,0.405,34,48,0.708,33,39,72,9,2,9,21,61,98
Jalen Rose,SF,26,IND,49,1,1238,200,496,0.40299999999999997,17,65,0.262,183,431,0.425,0.42,125,158,0.7909999999999999,34,120,154,93,50,15,72,128,542
Malik Rose,PF,24,SAS,47,0,608,93,201,0.46299999999999997,0,1,0.0,93,200,0.465,0.46299999999999997,98,146,0.6709999999999999,90,92,182,29,40,22,56,120,284
Bryon Russell,SF,28,UTA,50,50,1770,217,468,0.46399999999999997,52,147,0.354,165,321,0.514,0.519,136,171,0.795,65,201,266,74,76,15,76,154,622
Arvydas Sabonis*,C,34,POR,50,48,1349,232,478,0.485,7,24,0.292,225,454,0.496,0.493,135,175,0.7709999999999999,88,305,393,119,34,63,85,147,606
Jason Sasser,SF,25,VAN,6,0,39,5,11,0.455,0,0,0.0,5,11,0.455,0.455,1,2,0.5,2,5,7,2,2,0,2,4,11
Danny Schayes,C,39,ORL,19,1,143,11,29,0.379,0,0,0.0,11,29,0.379,0.379,6,8,0.75,3,11,14,4,1,2,8,23,28
Dwayne Schintzius,C,30,BOS,16,0,67,4,16,0.25,0,0,0.0,4,16,0.25,0.25,3,4,0.75,7,12,19,8,0,3,10,17,11
Detlef Schrempf,SF,36,SEA,50,39,1765,259,549,0.47200000000000003,34,86,0.395,225,463,0.486,0.503,200,243,0.823,77,293,370,184,41,26,103,152,752
Dennis Scott,SF,30,TOT,36,9,738,87,213,0.408,37,97,0.381,50,116,0.431,0.495,23,31,0.742,8,50,58,40,15,3,19,49,234
Malik Sealy,SF,28,MIN,31,7,731,95,231,0.41100000000000003,6,23,0.261,89,208,0.428,0.424,55,61,0.902,23,69,92,36,30,5,33,68,251
Rony Seikaly,C,33,NJN,9,0,88,4,20,0.2,0,0,0.0,4,20,0.2,0.2,7,18,0.389,5,16,21,2,4,6,10,15,15
Charles Shackleford,C,32,CHH,32,4,367,44,90,0.489,0,0,0.0,44,90,0.489,0.489,19,29,0.655,41,88,129,13,5,13,27,66,107
Brian Shaw,PG,32,POR,1,0,5,0,1,0.0,0,0,0.0,0,1,0.0,0.0,0,0,0.0,0,1,1,1,0,0,1,1,0
Casey Shaw,C,23,PHI,9,0,14,1,8,0.125,0,0,0.0,1,8,0.125,0.125,0,0,0.0,3,0,3,0,0,0,2,2,2
Jeff Sheppard,SG,24,ATL,18,5,185,15,39,0.385,2,7,0.28600000000000003,13,32,0.406,0.41,8,13,0.615,6,16,22,16,3,0,7,12,40
Miles Simon,SG,23,ORL,5,0,19,1,5,0.2,0,2,0.0,1,3,0.33299999999999996,0.2,0,0,0.0,1,1,2,0,1,0,3,1,2
Dickey Simpkins,C,26,CHI,50,35,1448,150,324,0.46299999999999997,0,1,0.0,150,323,0.46399999999999997,0.46299999999999997,156,242,0.645,110,229,339,65,36,13,72,128,456
Alvin Sims,SG,24,PHO,4,0,25,4,10,0.4,1,1,1.0,3,9,0.33299999999999996,0.45,2,5,0.4,3,1,4,5,2,0,6,2,11
Brian Skinner,PF,22,LAC,21,0,258,33,71,0.465,0,0,0.0,33,71,0.465,0.465,20,33,0.606,20,33,53,1,10,13,19,20,86
Reggie Slater,PF,28,TOR,30,0,263,31,81,0.38299999999999995,0,0,0.0,31,81,0.38299999999999995,0.38299999999999995,53,85,0.624,36,34,70,5,3,3,25,50,115
Charles Smith,SG,23,LAC,23,10,317,35,97,0.361,7,33,0.212,28,64,0.43799999999999994,0.397,7,16,0.43799999999999994,7,17,24,13,17,14,20,35,84
Joe Smith,C,23,MIN,43,42,1418,223,522,0.42700000000000005,0,3,0.0,223,519,0.43,0.42700000000000005,142,188,0.755,154,200,354,68,32,66,66,147,588
Michael Smith,PF,26,VAN,48,10,1098,77,144,0.535,0,1,0.0,77,143,0.5379999999999999,0.535,76,128,0.594,135,215,350,48,46,18,60,107,230
Steve Smith,SG,29,ATL,36,36,1314,217,540,0.402,47,139,0.33799999999999997,170,401,0.424,0.445,191,225,0.8490000000000001,50,101,151,118,36,11,99,100,672
Rik Smits,C,32,IND,49,49,1271,310,633,0.49,0,2,0.0,310,631,0.491,0.49,108,132,0.818,73,202,275,52,18,52,75,159,728
Eric Snow,PG,25,PHI,48,48,1716,149,348,0.428,5,21,0.23800000000000002,144,327,0.44,0.435,110,150,0.733,25,137,162,301,100,1,111,149,413
Felton Spencer,C,31,GSW,26,0,159,15,33,0.455,0,0,0.0,15,33,0.455,0.455,12,26,0.462,18,28,46,0,5,10,9,41,42
Latrell Sprewell,SF,28,NYK,37,4,1233,215,518,0.415,21,77,0.273,194,441,0.44,0.435,155,191,0.812,41,115,156,91,46,2,79,65,606
Ryan Stack,PF,23,CLE,18,0,199,14,37,0.37799999999999995,0,0,0.0,14,37,0.37799999999999995,0.37799999999999995,19,20,0.95,19,15,34,5,2,11,9,31,47
Jerry Stackhouse,SG,24,DET,42,9,1188,181,488,0.371,35,126,0.278,146,362,0.40299999999999997,0.40700000000000003,210,247,0.85,26,81,107,118,34,19,121,79,607
John Starks,SG,33,GSW,50,50,1686,269,728,0.37,78,269,0.29,191,459,0.41600000000000004,0.423,74,100,0.74,33,130,163,235,69,5,83,135,690
Vladimir Stepania,C,22,SEA,23,6,313,53,125,0.424,0,3,0.0,53,122,0.434,0.424,21,40,0.525,27,48,75,12,10,23,32,58,127
Michael Stewart,C,23,TOR,42,2,394,22,53,0.415,0,0,0.0,22,53,0.415,0.415,17,25,0.68,43,56,99,5,4,28,12,76,61
Bryant Stith,SG,28,DEN,46,32,1194,114,290,0.39299999999999996,31,106,0.292,83,184,0.451,0.447,61,71,0.8590000000000001,30,77,107,82,28,15,45,65,320
John Stockton*,PG,36,UTA,50,50,1410,200,410,0.488,16,50,0.32,184,360,0.511,0.507,137,169,0.8109999999999999,31,115,146,374,81,13,110,107,553
Peja Stojaković,SF,21,SAC,48,1,1025,141,373,0.37799999999999995,57,178,0.32,84,195,0.431,0.45399999999999996,63,74,0.851,43,100,143,72,41,7,53,43,402
Damon Stoudamire,PG,25,POR,50,50,1673,249,629,0.396,44,142,0.31,205,487,0.42100000000000004,0.431,89,122,0.73,41,126,167,312,49,4,110,81,631
Erick Strickland,SG,25,DAL,33,2,567,89,221,0.40299999999999997,18,59,0.305,71,162,0.43799999999999994,0.44299999999999995,53,65,0.815,12,71,83,64,40,2,36,44,249
Mark Strickland,PF,28,MIA,32,1,357,50,101,0.495,0,1,0.0,50,100,0.5,0.495,19,26,0.731,26,52,78,9,7,8,13,28,119
Rod Strickland,PG,32,WAS,44,43,1632,251,603,0.41600000000000004,12,42,0.28600000000000003,239,561,0.426,0.426,176,236,0.746,56,156,212,434,76,5,142,91,690
Derek Strong,PF,30,ORL,44,0,695,76,180,0.42200000000000004,0,2,0.0,76,178,0.42700000000000005,0.42200000000000004,71,99,0.7170000000000001,66,95,161,17,15,7,37,64,223
Bruno Šundov,C,18,DAL,3,0,11,2,7,0.28600000000000003,0,0,0.0,2,7,0.28600000000000003,0.28600000000000003,0,0,0.0,0,0,0,1,0,0,1,4,4
Bob Sura,PG,25,CLE,50,6,841,70,210,0.33299999999999996,9,45,0.2,61,165,0.37,0.355,65,103,0.631,21,81,102,152,46,14,67,98,214
Johnny Taylor,SF,24,DEN,36,9,724,82,198,0.414,26,68,0.382,56,130,0.431,0.48,17,23,0.7390000000000001,30,71,101,24,28,17,34,97,207
Maurice Taylor,PF,22,LAC,46,45,1505,311,675,0.461,1,6,0.16699999999999998,310,669,0.46299999999999997,0.461,150,206,0.728,100,142,242,67,16,29,120,179,773
John Thomas,C,23,TOR,39,11,593,71,123,0.5770000000000001,0,1,0.0,71,122,0.5820000000000001,0.5770000000000001,27,48,0.563,65,69,134,15,17,9,21,82,169
Kurt Thomas,PF,26,NYK,50,44,1182,170,368,0.462,0,1,0.0,170,367,0.46299999999999997,0.462,66,108,0.611,82,204,286,55,45,17,73,159,406
Tim Thomas,SF,21,TOT,50,26,812,132,279,0.473,21,68,0.309,111,211,0.526,0.511,73,112,0.652,49,77,126,46,26,12,46,107,358
Otis Thorpe,PF,36,WAS,49,38,1539,240,440,0.545,0,2,0.0,240,438,0.5479999999999999,0.545,74,106,0.698,96,238,334,101,42,19,88,196,554
Robert Traylor,C,21,MIL,49,43,786,108,201,0.537,0,1,0.0,108,200,0.54,0.537,43,80,0.5379999999999999,80,102,182,38,44,44,42,140,259
Gary Trent,PF,24,DAL,45,23,1362,287,602,0.47700000000000004,0,5,0.0,287,597,0.48100000000000004,0.47700000000000004,145,235,0.617,127,224,351,77,29,23,66,122,719
Nick Van Exel,PG,27,DEN,50,50,1802,306,769,0.39799999999999996,72,234,0.308,234,535,0.43700000000000006,0.445,142,175,0.8109999999999999,14,99,113,368,40,3,121,90,826
Keith Van Horn,PF,23,NJN,42,42,1576,322,752,0.428,16,53,0.302,306,699,0.43799999999999994,0.439,256,298,0.8590000000000001,114,244,358,65,43,53,133,134,916
David Vaughn,PF,25,NJN,10,0,103,13,24,0.542,0,0,0.0,13,24,0.542,0.542,8,10,0.8,13,21,34,1,2,8,11,22,34
Jacque Vaughn,PG,23,UTA,19,0,87,11,30,0.36700000000000005,2,8,0.25,9,22,0.409,0.4,20,24,0.833,1,10,11,12,5,0,14,14,44
Loy Vaught,PF,30,DET,37,10,481,59,155,0.381,0,1,0.0,59,154,0.38299999999999995,0.381,9,14,0.643,36,110,146,11,15,6,17,54,127
Stojko Vranković,C,35,LAC,2,0,12,1,4,0.25,0,0,0.0,1,4,0.25,0.25,0,0,0.0,4,2,6,0,0,0,0,2,2
Antoine Walker,PF,22,BOS,42,41,1549,303,735,0.41200000000000003,65,176,0.369,238,559,0.426,0.456,113,202,0.5589999999999999,106,253,359,130,63,28,119,142,784
Samaki Walker,PF,22,DAL,39,2,568,88,190,0.46299999999999997,0,1,0.0,88,189,0.466,0.46299999999999997,53,98,0.541,46,97,143,6,9,16,37,87,229
Ben Wallace,C,24,WAS,46,16,1231,115,199,0.578,0,0,0.0,115,199,0.578,0.578,47,132,0.35600000000000004,137,247,384,18,50,90,36,111,277
John Wallace,SF,24,TOR,48,3,812,153,354,0.43200000000000005,0,0,0.0,153,354,0.43200000000000005,0.43200000000000005,105,150,0.7,54,117,171,46,12,43,70,92,411
Rasheed Wallace,PF,24,POR,49,18,1414,242,476,0.508,13,31,0.419,229,445,0.515,0.522,131,179,0.732,57,184,241,60,48,54,80,175,628
Rex Walters,SG,28,MIA,33,13,506,35,95,0.368,12,38,0.316,23,57,0.40399999999999997,0.43200000000000005,19,23,0.826,10,40,50,58,10,3,32,63,101
Charlie Ward,PG,28,NYK,50,50,1556,135,334,0.40399999999999997,53,149,0.35600000000000004,82,185,0.44299999999999995,0.484,55,78,0.705,23,149,172,271,103,8,131,105,378
Eric Washington,SG,24,DEN,38,6,761,73,184,0.397,37,97,0.381,36,87,0.414,0.49700000000000005,22,32,0.688,35,54,89,30,25,18,34,87,205
Jamie Watson,SF,26,MIA,3,0,18,1,2,0.5,0,0,0.0,1,2,0.5,0.5,0,0,0.0,0,1,1,1,0,0,1,1,2
Clarence Weatherspoon,SF,28,MIA,49,3,1040,141,264,0.534,0,0,0.0,141,264,0.534,0.534,115,143,0.804,72,171,243,34,28,17,61,107,397
Chris Webber,PF,25,SAC,42,42,1719,378,778,0.486,4,34,0.11800000000000001,374,744,0.503,0.488,79,174,0.45399999999999996,149,396,545,173,60,89,148,145,839
Bonzi Wells,SF,22,POR,7,0,35,11,20,0.55,1,3,0.33299999999999996,10,17,0.588,0.575,8,18,0.444,4,5,9,3,1,1,6,5,31
Bill Wennington,C,35,CHI,38,3,451,62,178,0.348,1,1,1.0,61,177,0.345,0.35100000000000003,18,22,0.818,20,59,79,18,13,12,17,79,143
David Wesley,PG,28,CHH,50,50,1848,243,545,0.446,61,170,0.359,182,375,0.485,0.502,159,191,0.8320000000000001,23,138,161,322,100,10,142,130,706
Doug West,SG,31,VAN,14,2,294,31,65,0.47700000000000004,0,2,0.0,31,63,0.49200000000000005,0.47700000000000004,19,25,0.76,5,20,25,19,16,7,12,38,81
Mark West,C,38,ATL,49,0,499,22,59,0.373,0,0,0.0,22,59,0.373,0.373,16,45,0.35600000000000004,49,76,125,13,4,22,17,81,60
DeJuan Wheat,PG,25,VAN,46,0,590,73,193,0.37799999999999995,22,60,0.36700000000000005,51,133,0.38299999999999995,0.435,40,55,0.727,11,34,45,102,26,2,48,59,208
Tyson Wheeler,PG,23,DEN,1,0,3,1,1,1.0,1,1,1.0,0,0,0.0,1.5,1,2,0.5,0,0,0,2,0,0,0,1,4
Jahidi White,PF,22,WAS,20,0,191,17,32,0.531,0,0,0.0,17,32,0.531,0.531,15,35,0.429,23,35,58,1,3,11,16,39,49
Chris Whitney,PG,27,WAS,39,1,441,64,156,0.41,32,95,0.337,32,61,0.525,0.513,27,31,0.871,8,39,47,69,18,2,36,49,187
Dominique Wilkins*,SF,39,ORL,27,2,252,50,132,0.379,5,19,0.263,45,113,0.39799999999999996,0.39799999999999996,29,42,0.69,30,41,71,16,4,1,23,19,134
Gerald Wilkins,SG,35,ORL,3,0,28,0,9,0.0,0,0,0.0,0,9,0.0,0.0,2,2,1.0,0,1,1,1,0,0,3,3,2
Aaron Williams,PF,27,SEA,40,2,458,52,123,0.423,0,1,0.0,52,122,0.426,0.423,54,74,0.73,54,74,128,22,14,24,30,75,158
Alvin Williams,PG,24,TOR,50,45,1051,95,237,0.401,14,42,0.33299999999999996,81,195,0.415,0.43,44,52,0.846,19,63,82,130,51,12,56,94,248
Brandon Williams,SG,23,SAS,3,0,4,0,0,0.0,0,0,0.0,0,0,0.0,0.0,2,4,0.5,1,0,1,0,0,0,0,0,2
Eric Williams,SF,26,DEN,38,8,780,80,219,0.365,6,26,0.231,74,193,0.38299999999999995,0.379,111,139,0.799,34,47,81,37,27,8,49,76,277
Herb Williams,C,40,NYK,6,0,34,4,8,0.5,0,0,0.0,4,8,0.5,0.5,2,2,1.0,3,3,6,0,0,2,2,2,10
Hot Rod Williams,C,36,DAL,25,11,403,11,33,0.33299999999999996,0,0,0.0,11,33,0.33299999999999996,0.33299999999999996,7,10,0.7,36,47,83,15,13,18,13,49,29
Jason Williams,PG,23,SAC,50,50,1805,231,617,0.374,100,323,0.31,131,294,0.446,0.455,79,105,0.752,14,139,153,299,95,1,143,91,641
Jayson Williams,C,30,NJN,30,30,1020,97,218,0.445,0,2,0.0,97,216,0.449,0.445,48,85,0.565,147,213,360,33,24,60,46,126,242
Jerome Williams,PF,25,DET,50,10,1154,124,248,0.5,0,0,0.0,124,248,0.5,0.5,107,159,0.6729999999999999,158,191,349,23,63,7,41,108,355
Micheal Williams,PG,32,TOR,2,0,15,1,5,0.2,0,0,0.0,1,5,0.2,0.2,0,0,0.0,1,0,1,0,0,0,1,1,2
Monty Williams,SF,27,DEN,1,0,6,0,2,0.0,0,0,0.0,0,2,0.0,0.0,1,2,0.5,0,0,0,0,0,0,0,0,1
Scott Williams,C,30,TOT,7,0,46,5,17,0.294,0,0,0.0,5,17,0.294,0.294,4,7,0.5710000000000001,3,11,14,1,3,2,4,9,14
Shammond Williams,PG,23,ATL,2,0,4,0,1,0.0,0,0,0.0,0,1,0.0,0.0,3,4,0.75,0,0,0,1,0,0,0,0,3
Travis Williams,SF,29,CHH,8,0,62,6,13,0.462,0,0,0.0,6,13,0.462,0.462,3,4,0.75,6,13,19,2,2,1,6,10,15
Walt Williams,SF,28,POR,48,16,1044,147,347,0.424,63,144,0.43799999999999994,84,203,0.414,0.514,89,107,0.8320000000000001,36,107,143,80,37,28,63,101,446
Corliss Williamson,SF,25,SAC,50,50,1374,269,555,0.485,1,5,0.2,268,550,0.48700000000000004,0.486,120,188,0.638,85,121,206,66,30,8,75,118,659
Kevin Willis,C,36,TOR,42,38,1216,187,447,0.418,0,2,0.0,187,445,0.42,0.418,130,155,0.8390000000000001,109,241,350,67,28,28,86,134,504
David Wingate,SG,35,NYK,20,0,92,7,16,0.43799999999999994,0,0,0.0,7,16,0.43799999999999994,0.43799999999999994,0,0,0.0,3,5,8,5,4,0,6,10,14
Trevor Winter,C,25,MIN,1,0,5,0,0,0.0,0,0,0.0,0,0,0.0,0.0,0,0,0.0,1,2,3,0,0,0,0,5,0
Joe Wolf,PF,34,CHH,3,0,12,0,1,0.0,0,0,0.0,0,1,0.0,0.0,0,2,0.0,0,1,1,0,0,0,0,6,0
Haywoode Workman,PG,33,MIL,29,29,815,73,170,0.429,17,47,0.36200000000000004,56,123,0.455,0.479,37,47,0.787,14,88,102,172,32,1,63,53,200
Lorenzen Wright,C,23,LAC,48,15,1135,119,260,0.45799999999999996,0,1,0.0,119,259,0.45899999999999996,0.45799999999999996,81,117,0.6920000000000001,142,219,361,33,26,36,48,162,319
Korleone Young,SF,20,DET,3,0,15,5,10,0.5,1,4,0.25,4,6,0.667,0.55,2,2,1.0,2,2,4,1,0,0,1,3,13
