Player,Pos,Age,Tm,G,GS,MP,FG,FGA,FG%,3P,3PA,3P%,2P,2PA,2P%,eFG%,FT,FTA,FT%,ORB,DRB,TRB,AST,STL,BLK,TOV,PF,PTS
Kareem Abdul-Jabbar*,C,36,LAL,80,80,2622,716,1238,0.578,0,1,0.0,716,1237,0.579,0.578,285,394,0.723,169,418,587,211,55,143,221,211,1717
Alvan Adams,C,29,PHO,70,13,1452,269,582,0.462,0,4,0.0,269,578,0.465,0.462,132,160,0.825,118,201,319,219,73,31,117,195,670
Mark Aguirre,SF,24,DAL,79,79,2900,925,1765,0.524,15,56,0.268,910,1709,0.532,0.528,465,621,0.7490000000000001,161,308,469,358,80,22,285,246,2330
Danny Ainge,SG,24,BOS,71,3,1154,166,361,0.46,6,22,0.273,160,339,0.47200000000000003,0.46799999999999997,46,56,0.821,29,87,116,162,41,4,70,143,384
J.J. Anderson,SF,23,UTA,48,0,311,55,130,0.423,0,3,0.0,55,127,0.433,0.423,12,29,0.414,38,25,63,22,15,9,20,28,122
Richard Anderson,PF,23,DEN,78,17,1380,272,638,0.426,3,19,0.158,269,619,0.435,0.429,116,150,0.773,136,270,406,193,46,28,109,183,663
Tiny Archibald*,PG,35,MIL,46,46,1038,136,279,0.48700000000000004,4,18,0.222,132,261,0.506,0.495,64,101,0.634,16,60,76,160,33,0,78,78,340
Ken Austin,SF,22,DET,7,0,28,6,13,0.462,0,0,0.0,6,13,0.462,0.462,0,0,0.0,2,1,3,1,1,1,3,7,12
John Bagley,PG,23,CLE,76,19,1712,257,607,0.423,2,17,0.11800000000000001,255,590,0.43200000000000005,0.425,157,198,0.7929999999999999,49,107,156,333,78,4,170,113,673
James Bailey,PF,26,HOU,73,0,1174,254,517,0.491,0,1,0.0,254,516,0.49200000000000005,0.491,138,192,0.7190000000000001,104,190,294,79,33,40,101,197,646
Thurl Bailey,PF,22,UTA,81,54,2009,302,590,0.512,0,0,0.0,302,590,0.512,0.512,88,117,0.752,115,349,464,129,38,122,105,193,692
Greg Ballard,SF,29,WSB,82,82,2701,510,1061,0.48100000000000004,2,15,0.133,508,1046,0.486,0.48200000000000004,166,208,0.7979999999999999,140,348,488,290,94,35,142,214,1188
Gene Banks,PF,24,SAS,80,66,2600,424,747,0.568,1,6,0.16699999999999998,423,741,0.5710000000000001,0.568,200,270,0.741,204,378,582,254,105,23,166,256,1049
Dave Batton,C,27,SAS,4,0,31,5,10,0.5,0,0,0.0,5,10,0.5,0.5,0,0,0.0,1,3,4,3,0,3,4,5,10
Kent Benson,C,29,DET,82,58,1734,248,451,0.55,0,1,0.0,248,450,0.551,0.55,83,101,0.8220000000000001,117,292,409,130,71,53,79,230,579
Larry Bird*,PF,27,BOS,79,77,3028,758,1542,0.49200000000000005,18,73,0.247,740,1469,0.504,0.49700000000000005,374,421,0.888,181,615,796,520,144,69,237,197,1908
Otis Birdsong,SG,28,NJN,69,57,2168,583,1147,0.508,5,20,0.25,578,1127,0.513,0.51,194,319,0.608,74,96,170,266,86,17,170,180,1365
Rolando Blackman,SG,24,DAL,81,81,3025,721,1320,0.546,1,11,0.091,720,1309,0.55,0.547,372,458,0.812,124,249,373,288,56,37,169,127,1815
Tom Boswell,PF,30,UTA,38,0,261,28,52,0.5379999999999999,1,1,1.0,27,51,0.529,0.5479999999999999,16,21,0.762,28,36,64,16,9,0,13,58,73
Charles Bradley,SG,24,SEA,8,0,39,3,7,0.429,0,0,0.0,3,7,0.429,0.429,5,7,0.7140000000000001,0,3,3,5,0,1,8,6,11
Mike Bratz,PG,28,GSW,82,0,1428,213,521,0.409,15,51,0.294,198,470,0.42100000000000004,0.423,120,137,0.8759999999999999,41,102,143,252,84,6,109,155,561
Randy Breuer,C,23,MIL,57,8,472,68,177,0.384,0,0,0.0,68,177,0.384,0.384,32,46,0.696,48,61,109,17,11,38,35,98,168
Ron Brewer,SG,28,TOT,53,8,992,179,403,0.444,3,14,0.214,176,389,0.452,0.44799999999999995,52,67,0.7759999999999999,22,41,63,50,24,21,40,64,413
Junior Bridgeman,SF,30,MIL,81,10,2431,509,1094,0.465,6,31,0.19399999999999998,503,1063,0.473,0.46799999999999997,196,243,0.807,80,252,332,265,53,14,148,224,1220
Michael Brooks,SF,25,SDC,47,30,1405,213,445,0.479,0,5,0.0,213,440,0.484,0.479,104,151,0.6890000000000001,142,200,342,88,50,14,78,125,530
Fred Brown,SG,35,SEA,71,1,1129,258,506,0.51,9,34,0.265,249,472,0.528,0.519,77,86,0.895,14,48,62,194,49,2,70,84,602
Rickey Brown,C,25,ATL,68,3,785,94,201,0.46799999999999997,0,0,0.0,94,201,0.46799999999999997,0.46799999999999997,48,65,0.738,67,114,181,29,18,23,53,161,236
Wallace Bryant,C,24,CHI,29,0,317,52,133,0.391,0,0,0.0,52,133,0.391,0.391,14,33,0.424,37,43,80,13,9,11,16,48,118
Quinn Buckner,PG,29,BOS,79,0,1249,138,323,0.42700000000000005,0,6,0.0,138,317,0.435,0.42700000000000005,48,74,0.649,41,96,137,214,84,3,100,187,324
Don Buse,PG,33,KCK,76,10,1327,150,352,0.426,18,59,0.305,132,293,0.451,0.452,63,80,0.7879999999999999,29,87,116,303,86,1,87,62,381
Kenny Carr,PF,28,POR,82,57,2455,518,923,0.561,0,5,0.0,518,918,0.564,0.561,247,367,0.6729999999999999,208,434,642,157,68,33,202,274,1283
M.L. Carr,SF,33,BOS,60,1,585,70,171,0.409,3,15,0.2,67,156,0.429,0.418,42,48,0.875,26,49,75,49,17,4,46,67,185
Joe Barry Carroll,C,25,GSW,80,80,2962,663,1390,0.47700000000000004,0,1,0.0,663,1389,0.47700000000000004,0.47700000000000004,313,433,0.723,235,401,636,198,103,142,268,244,1639
Butch Carter,SG,25,IND,73,54,2045,413,862,0.479,15,46,0.326,398,816,0.488,0.488,136,178,0.764,70,83,153,206,128,13,141,211,977
Howard Carter,SG,22,DEN,55,5,688,145,316,0.45899999999999996,5,19,0.263,140,297,0.47100000000000003,0.467,47,61,0.77,38,48,86,71,19,4,42,81,342
Bill Cartwright,C,26,NYK,77,77,2487,453,808,0.561,0,1,0.0,453,807,0.561,0.561,404,502,0.805,195,454,649,107,44,97,200,262,1310
Harvey Catchings,PF,32,MIL,69,3,1156,61,153,0.39899999999999997,0,1,0.0,61,152,0.401,0.39899999999999997,22,42,0.524,89,182,271,43,25,81,57,172,144
Tom Chambers,PF,24,SEA,82,44,2570,554,1110,0.499,0,12,0.0,554,1098,0.505,0.499,375,469,0.8,219,313,532,133,47,51,192,309,1483
Maurice Cheeks*,PG,27,PHI,75,75,2494,386,702,0.55,8,20,0.4,378,682,0.5539999999999999,0.556,170,232,0.733,44,161,205,478,171,20,182,196,950
Carlos Clark,SG,23,BOS,31,0,127,19,52,0.365,0,2,0.0,19,50,0.38,0.365,16,18,0.889,7,10,17,17,8,1,12,13,54
Don Collins,SG,25,GSW,61,6,957,187,387,0.483,1,5,0.2,186,382,0.48700000000000004,0.484,65,89,0.73,62,67,129,67,43,14,80,119,440
Leroy Combs,SF,23,IND,48,0,446,81,163,0.49700000000000005,0,3,0.0,81,160,0.506,0.49700000000000005,56,91,0.615,19,37,56,38,23,18,46,49,218
Lester Conner,SG,24,GSW,82,82,2573,360,730,0.493,1,6,0.16699999999999998,359,724,0.496,0.494,186,259,0.718,132,173,305,401,162,12,143,176,907
Darwin Cook,PG,25,NJN,82,31,1870,304,687,0.44299999999999995,11,46,0.239,293,641,0.457,0.451,95,126,0.754,51,105,156,356,164,36,142,184,714
Jeff Cook,C,27,CLE,81,21,1950,188,387,0.486,1,2,0.5,187,385,0.486,0.48700000000000004,94,130,0.723,174,310,484,123,68,47,91,282,471
Michael Cooper,SG,27,LAL,82,9,2387,273,549,0.49700000000000005,38,121,0.314,235,428,0.5489999999999999,0.532,155,185,0.838,53,209,262,482,113,67,148,267,739
Wayne Cooper,C,27,POR,81,38,1662,304,663,0.45899999999999996,0,7,0.0,304,656,0.46299999999999997,0.45899999999999996,185,230,0.804,176,300,476,76,26,106,110,247,793
Dave Corzine,C,27,CHI,82,82,2674,385,824,0.467,3,9,0.33299999999999996,382,815,0.469,0.469,231,275,0.84,169,406,575,202,58,120,175,227,1004
Charlie Criss,PG,35,TOT,15,0,215,20,52,0.385,1,6,0.16699999999999998,19,46,0.413,0.39399999999999996,12,16,0.75,5,15,20,38,8,0,10,11,53
Geoff Crompton,C,28,CLE,7,0,23,1,8,0.125,0,0,0.0,1,8,0.125,0.125,3,6,0.5,6,3,9,1,1,1,4,4,5
Russell Cross,C,22,GSW,45,0,354,64,112,0.5710000000000001,0,0,0.0,64,112,0.5710000000000001,0.5710000000000001,38,91,0.418,35,47,82,22,12,7,19,58,166
Pat Cummings,PF,27,DAL,80,80,2492,452,915,0.494,0,2,0.0,452,913,0.495,0.494,141,190,0.742,151,507,658,158,64,23,146,282,1045
Terry Cummings,PF,22,SDC,81,80,2907,737,1491,0.494,0,3,0.0,737,1488,0.495,0.494,380,528,0.72,323,454,777,139,92,57,218,298,1854
Earl Cureton,C,26,DET,73,0,907,81,177,0.45799999999999996,0,1,0.0,81,176,0.46,0.45799999999999996,31,59,0.525,86,201,287,36,24,31,55,143,193
Quintin Dailey,SG,23,CHI,82,42,2449,583,1229,0.474,4,32,0.125,579,1197,0.484,0.47600000000000003,321,396,0.8109999999999999,61,174,235,254,109,11,220,218,1491
Adrian Dantley*,SF,27,UTA,79,79,2984,802,1438,0.5579999999999999,1,4,0.25,801,1434,0.5589999999999999,0.5579999999999999,813,946,0.8590000000000001,179,269,448,310,61,4,263,201,2418
Brad Davis,PG,28,DAL,81,81,2665,345,651,0.53,7,38,0.184,338,613,0.551,0.535,199,238,0.836,41,146,187,561,94,13,166,218,896
Charles Davis,SF,25,WSB,46,0,467,103,218,0.47200000000000003,1,9,0.111,102,209,0.488,0.475,24,39,0.615,34,69,103,30,14,10,36,58,231
Johnny Davis,PG,28,ATL,75,72,2079,354,800,0.44299999999999995,0,8,0.0,354,792,0.447,0.44299999999999995,217,256,0.848,53,86,139,326,62,6,134,146,925
Walter Davis,SG,29,PHO,78,70,2546,652,1274,0.512,20,87,0.23,632,1187,0.532,0.52,233,270,0.863,38,164,202,429,107,12,213,202,1557
Darryl Dawkins,C,27,NJN,81,80,2417,507,855,0.593,2,5,0.4,505,850,0.594,0.594,341,464,0.735,159,382,541,123,60,136,231,386,1357
Darren Daye,SF,23,WSB,75,0,1174,180,408,0.441,0,6,0.0,180,402,0.44799999999999995,0.441,95,133,0.7140000000000001,90,98,188,176,38,12,96,154,455
Kenny Dennard,PF,25,DEN,43,0,413,36,99,0.364,3,10,0.3,33,89,0.371,0.379,15,24,0.625,37,64,101,45,23,8,29,83,90
James Donaldson,C,26,SDC,82,67,2525,360,604,0.596,0,0,0.0,360,604,0.596,0.596,249,327,0.7609999999999999,165,484,649,90,40,139,171,214,969
John Drew,SF,29,UTA,81,4,1797,511,1067,0.479,6,22,0.273,505,1045,0.483,0.48200000000000004,402,517,0.778,146,192,338,135,88,2,192,208,1430
Larry Drew,PG,25,KCK,73,73,2363,474,1026,0.462,3,10,0.3,471,1016,0.46399999999999997,0.46299999999999997,243,313,0.7759999999999999,33,113,146,558,121,10,194,170,1194
Clyde Drexler*,SG,21,POR,82,3,1408,252,559,0.451,1,4,0.25,251,555,0.452,0.452,123,169,0.728,112,123,235,153,107,29,123,209,628
Mike Dunleavy,PG,29,MIL,17,12,404,70,127,0.551,19,45,0.42200000000000004,51,82,0.622,0.626,32,40,0.8,6,22,28,78,12,1,36,51,191
T.R. Dunn,SG,28,DEN,80,74,2705,174,370,0.47,0,1,0.0,174,369,0.47200000000000003,0.47,106,145,0.731,195,379,574,228,173,32,97,233,454
Mark Eaton,C,27,UTA,82,78,2139,194,416,0.466,0,1,0.0,194,415,0.467,0.466,73,123,0.593,148,447,595,113,25,351,98,303,461
Jerry Eaves,PG,24,UTA,80,1,1034,132,293,0.451,0,6,0.0,132,287,0.46,0.451,92,132,0.6970000000000001,29,56,85,200,33,5,93,90,356
Keith Edmonson,SG,23,TOT,55,0,622,158,321,0.49200000000000005,0,0,0.0,158,321,0.49200000000000005,0.49200000000000005,94,126,0.746,46,42,88,34,26,7,61,83,410
Franklin Edwards,PG,24,PHI,60,0,654,84,221,0.38,0,1,0.0,84,220,0.382,0.38,34,48,0.708,12,47,59,90,31,5,46,78,202
James Edwards,C,28,PHO,72,67,1897,438,817,0.536,0,1,0.0,438,816,0.537,0.536,183,254,0.72,108,240,348,184,23,30,140,254,1059
Craig Ehlo,SG,22,HOU,7,0,63,11,27,0.40700000000000003,0,0,0.0,11,27,0.40700000000000003,0.40700000000000003,1,1,1.0,4,5,9,6,3,0,3,13,23
Dale Ellis,SF,23,DAL,67,2,1059,225,493,0.456,12,29,0.414,213,464,0.45899999999999996,0.469,87,121,0.7190000000000001,106,144,250,56,41,9,78,118,549
Len Elmore,PF,31,NYK,65,5,832,64,157,0.408,0,0,0.0,64,157,0.408,0.408,27,38,0.711,62,103,165,30,29,30,46,153,155
Chris Engler,C,24,GSW,46,1,360,33,83,0.39799999999999996,0,0,0.0,33,83,0.39799999999999996,0.39799999999999996,14,23,0.609,27,70,97,11,9,3,24,68,80
Alex English*,SF,30,DEN,82,77,2870,907,1714,0.529,1,7,0.14300000000000002,906,1707,0.531,0.529,352,427,0.8240000000000001,216,248,464,406,83,95,222,252,2167
Julius Erving*,SF,33,PHI,77,77,2683,678,1324,0.512,7,21,0.33299999999999996,671,1303,0.515,0.515,364,483,0.754,190,342,532,309,141,139,230,217,1727
Mike Evans,PG,28,DEN,78,5,1687,243,564,0.431,32,89,0.36,211,475,0.444,0.45899999999999996,111,131,0.847,23,115,138,288,61,4,117,175,629
Eric Fernsten,PF,30,NYK,32,0,402,29,52,0.5579999999999999,0,0,0.0,29,52,0.5579999999999999,0.5579999999999999,25,34,0.735,29,57,86,11,16,8,19,49,83
Sleepy Floyd,PG,23,GSW,77,73,2555,484,1045,0.46299999999999997,8,45,0.17800000000000002,476,1000,0.47600000000000003,0.467,315,386,0.816,87,184,271,269,103,31,196,216,1291
Phil Ford,PG,27,HOU,81,55,2020,236,470,0.502,2,15,0.133,234,455,0.514,0.504,98,117,0.838,28,109,137,410,59,8,135,243,572
Rod Foster,PG,23,PHO,80,34,1424,260,580,0.44799999999999995,22,84,0.262,238,496,0.48,0.467,122,155,0.787,39,81,120,172,54,9,108,193,664
World B. Free,SG,30,CLE,75,71,2375,626,1407,0.445,22,69,0.319,604,1338,0.451,0.45299999999999996,395,504,0.784,89,128,217,226,94,8,154,214,1669
Bill Garnett,PF,23,DAL,80,34,1529,141,299,0.47200000000000003,0,2,0.0,141,297,0.475,0.47200000000000003,129,176,0.733,123,208,331,128,44,66,68,217,411
Calvin Garrett,SF,27,LAL,41,0,478,78,152,0.513,2,6,0.33299999999999996,76,146,0.521,0.52,30,39,0.769,24,47,71,31,12,2,34,62,188
John Garris,PF,24,CLE,33,1,267,52,102,0.51,0,0,0.0,52,102,0.51,0.51,27,34,0.794,35,42,77,10,8,6,11,40,131
George Gervin*,SG,31,SAS,76,76,2584,765,1561,0.49,10,24,0.41700000000000004,755,1537,0.491,0.493,427,507,0.8420000000000001,106,207,313,220,79,47,224,219,1967
Mike Gibson,PF,23,WSB,32,0,229,21,55,0.382,0,0,0.0,21,55,0.382,0.382,11,17,0.647,29,37,66,9,5,7,14,30,53
Artis Gilmore*,C,34,SAS,64,59,2034,351,556,0.631,0,3,0.0,351,553,0.635,0.631,280,390,0.718,213,449,662,70,36,132,149,229,982
Mike Glenn,SG,28,ATL,81,0,1503,312,554,0.563,1,2,0.5,311,552,0.563,0.564,56,70,0.8,17,87,104,171,46,5,63,146,681
Mike Gminski,C,24,NJN,82,2,1655,237,462,0.513,0,3,0.0,237,459,0.516,0.513,147,184,0.799,161,272,433,92,37,70,120,162,621
Stewart Granger,PG,22,CLE,56,13,738,97,226,0.429,4,13,0.308,93,213,0.43700000000000006,0.43799999999999994,53,70,0.757,8,47,55,134,24,0,57,97,251
Rickey Green,PG,29,UTA,81,81,2768,439,904,0.486,2,17,0.11800000000000001,437,887,0.493,0.48700000000000004,192,234,0.821,56,174,230,748,215,13,172,155,1072
Sidney Green,PF,23,CHI,49,0,667,100,228,0.439,0,0,0.0,100,228,0.439,0.439,55,77,0.7140000000000001,58,116,174,25,18,17,60,128,255
Dave Greenwood,PF,26,CHI,78,76,2718,369,753,0.49,0,1,0.0,369,752,0.491,0.49,213,289,0.737,214,572,786,139,67,72,149,265,951
Kevin Grevey,SG,30,MIL,64,3,923,178,395,0.451,15,53,0.28300000000000003,163,342,0.47700000000000004,0.47,75,84,0.893,30,51,81,75,27,4,45,95,446
Darrell Griffith,SG,25,UTA,82,82,2650,697,1423,0.49,91,252,0.361,606,1171,0.518,0.522,151,217,0.696,95,243,338,283,114,23,243,202,1636
Ernie Grunfeld,SG,28,NYK,76,6,1119,166,362,0.45899999999999996,2,9,0.222,164,353,0.465,0.461,64,83,0.7709999999999999,24,97,121,108,43,7,71,151,398
Bob Hansen,SG,23,UTA,55,0,419,65,145,0.44799999999999995,0,8,0.0,65,137,0.474,0.44799999999999995,18,28,0.643,13,35,48,44,15,4,35,62,148
Bill Hanzlik,SF,26,DEN,80,14,1469,132,306,0.431,3,12,0.25,129,294,0.439,0.436,167,207,0.807,66,139,205,252,68,19,109,255,434
Derek Harper,PG,22,DAL,82,1,1712,200,451,0.44299999999999995,3,26,0.115,197,425,0.46399999999999997,0.447,66,98,0.6729999999999999,53,119,172,239,95,21,111,143,469
Scott Hastings,PF,23,ATL,68,8,1135,111,237,0.46799999999999997,1,4,0.25,110,233,0.47200000000000003,0.47,82,104,0.7879999999999999,96,174,270,46,40,36,66,220,305
Steve Hawes,PF,33,SEA,79,0,1153,114,237,0.48100000000000004,1,4,0.25,113,233,0.485,0.483,61,78,0.782,50,170,220,99,24,16,52,144,290
Elvin Hayes*,PF,38,HOU,81,4,994,158,389,0.406,0,2,0.0,158,387,0.408,0.406,86,132,0.652,87,173,260,71,16,28,82,123,402
Steve Hayes,C,28,SEA,43,0,253,26,50,0.52,0,0,0.0,26,50,0.52,0.52,5,14,0.35700000000000004,19,43,62,13,5,18,13,52,57
Gerald Henderson,PG,28,BOS,78,78,2088,376,718,0.524,20,57,0.35100000000000003,356,661,0.539,0.5379999999999999,136,177,0.768,68,79,147,300,117,14,161,209,908
Rod Higgins,SF,24,CHI,78,6,1577,193,432,0.447,1,22,0.045,192,410,0.46799999999999997,0.44799999999999995,113,156,0.7240000000000001,87,119,206,116,49,29,76,161,500
Johnny High,PG,26,PHO,29,9,512,18,52,0.34600000000000003,0,2,0.0,18,50,0.36,0.34600000000000003,10,29,0.345,16,50,66,51,40,11,38,84,46
Armond Hill,PG,30,ATL,15,2,181,14,46,0.304,0,0,0.0,14,46,0.304,0.304,17,21,0.81,2,8,10,35,7,0,14,30,45
Roy Hinson,SF,22,CLE,80,61,1858,184,371,0.496,0,0,0.0,184,371,0.496,0.496,69,117,0.59,175,324,499,69,31,145,109,306,437
Craig Hodges,SG,23,SDC,76,28,1571,258,573,0.45,10,46,0.217,248,527,0.47100000000000003,0.45899999999999996,66,88,0.75,22,64,86,116,58,1,85,166,592
Lionel Hollins,PG,30,DET,32,0,216,24,63,0.381,0,2,0.0,24,61,0.39299999999999996,0.381,11,13,0.846,4,18,22,62,13,1,24,26,59
Phil Hubbard,SF,27,CLE,80,6,1799,321,628,0.511,0,1,0.0,321,627,0.512,0.511,221,299,0.7390000000000001,172,208,380,86,71,6,115,244,863
Geoff Huston,PG,26,CLE,77,56,2041,348,699,0.498,2,11,0.182,346,688,0.503,0.499,110,154,0.7140000000000001,32,64,96,413,38,1,145,126,808
Marc Iavaroni,PF,27,PHI,78,71,1532,149,322,0.46299999999999997,0,2,0.0,149,320,0.466,0.46299999999999997,97,131,0.74,91,219,310,95,36,55,124,222,395
Dan Issel*,C,35,DEN,76,66,2076,569,1153,0.493,4,19,0.21100000000000002,565,1134,0.498,0.495,364,428,0.85,112,401,513,173,60,44,122,182,1506
Tracy Jackson,SG,24,IND,2,0,10,1,4,0.25,0,0,0.0,1,4,0.25,0.25,4,4,1.0,1,0,1,0,0,0,1,3,6
Clay Johnson,SG,27,SEA,25,0,176,20,50,0.4,1,1,1.0,19,49,0.38799999999999996,0.41,14,22,0.636,6,6,12,14,8,2,12,24,55
Clemon Johnson,C,27,PHI,80,10,1721,193,412,0.46799999999999997,0,0,0.0,193,412,0.46799999999999997,0.46799999999999997,69,113,0.611,131,267,398,55,35,65,95,205,455
Dennis Johnson*,SG,29,BOS,80,78,2665,384,878,0.43700000000000006,4,32,0.125,380,846,0.449,0.44,281,330,0.852,87,193,280,338,93,57,172,251,1053
Eddie Johnson,SG,28,ATL,67,43,1893,353,798,0.442,16,43,0.37200000000000005,337,755,0.446,0.452,164,213,0.77,31,115,146,374,58,7,173,155,886
Eddie Johnson,SF,24,KCK,82,82,2920,753,1552,0.485,20,64,0.313,733,1488,0.493,0.49200000000000005,268,331,0.81,165,290,455,296,76,21,213,266,1794
Frank Johnson,PG,25,WSB,82,81,2686,392,840,0.467,11,43,0.256,381,797,0.478,0.473,187,252,0.742,58,126,184,567,96,6,191,174,982
George Johnson,SF,27,IND,81,20,2073,411,884,0.465,11,47,0.23399999999999999,400,837,0.478,0.47100000000000003,223,270,0.826,139,321,460,195,82,49,186,256,1056
Magic Johnson*,PG,24,LAL,67,66,2567,441,780,0.565,6,29,0.207,435,751,0.579,0.569,290,358,0.81,99,392,491,875,150,49,306,169,1178
Marques Johnson,SF,27,MIL,74,74,2715,646,1288,0.502,2,13,0.154,644,1275,0.505,0.502,241,340,0.7090000000000001,173,307,480,315,115,45,180,194,1535
Mickey Johnson,PF,31,GSW,78,25,2122,359,852,0.42100000000000004,5,29,0.172,354,823,0.43,0.424,339,432,0.785,198,320,518,219,101,30,216,290,1062
Reggie Johnson,PF,26,NJN,72,4,818,127,256,0.496,0,1,0.0,127,255,0.498,0.496,92,126,0.73,53,85,138,40,24,18,59,141,346
Steve Johnson,C,26,TOT,81,21,1487,302,540,0.5589999999999999,0,0,0.0,302,540,0.5589999999999999,0.5589999999999999,165,287,0.575,162,256,418,81,37,69,164,307,769
Vinnie Johnson,SG,27,DET,82,0,1909,426,901,0.473,4,19,0.21100000000000002,422,882,0.478,0.475,207,275,0.753,130,107,237,271,44,19,135,196,1063
Bobby Jones*,PF,32,PHI,75,0,1761,226,432,0.523,0,1,0.0,226,431,0.524,0.523,167,213,0.784,92,231,323,187,107,103,101,199,619
Caldwell Jones,C,33,HOU,81,73,2506,318,633,0.502,1,3,0.33299999999999996,317,630,0.503,0.503,164,196,0.8370000000000001,168,414,582,156,46,80,158,335,801
Charles Jones,PF,26,PHI,1,0,3,0,1,0.0,0,0,0.0,0,1,0.0,0.0,1,4,0.25,0,0,0,0,0,0,0,1,1
Edgar Jones,PF,27,SAS,81,33,1770,322,644,0.5,6,19,0.316,316,625,0.506,0.505,176,242,0.727,143,306,449,85,64,107,125,298,826
Hutch Jones,SF,24,SDC,4,0,18,0,3,0.0,0,0,0.0,0,3,0.0,0.0,1,4,0.25,0,0,0,0,1,0,2,0,1
Major Jones,PF,30,HOU,57,5,473,70,130,0.5379999999999999,0,0,0.0,70,130,0.5379999999999999,0.5379999999999999,30,49,0.612,33,82,115,28,14,14,30,63,170
Mark Jones,PG,22,NJN,6,0,16,3,6,0.5,0,1,0.0,3,5,0.6,0.5,1,2,0.5,2,0,2,5,0,0,2,2,7
Eddie Jordan,PG,29,TOT,16,0,210,17,49,0.34700000000000003,0,3,0.0,17,46,0.37,0.34700000000000003,8,12,0.667,3,14,17,44,25,0,26,37,42
Rich Kelley,C,30,UTA,75,30,1674,132,264,0.5,0,0,0.0,132,264,0.5,0.5,124,162,0.765,140,350,490,157,55,29,148,273,388
Clark Kellogg,PF,22,IND,79,79,2676,619,1193,0.519,7,21,0.33299999999999996,612,1172,0.522,0.522,261,340,0.768,230,489,719,234,121,28,218,242,1506
Greg Kelser,SF,26,SDC,80,21,1783,313,603,0.519,2,6,0.33299999999999996,311,597,0.521,0.521,250,356,0.7020000000000001,188,203,391,91,68,31,195,249,878
Albert King,SF,24,NJN,79,53,2103,465,946,0.49200000000000005,3,22,0.136,462,924,0.5,0.493,232,295,0.7859999999999999,125,263,388,203,91,33,208,258,1165
Bernard King*,SF,27,NYK,77,76,2667,795,1391,0.5720000000000001,0,4,0.0,795,1387,0.573,0.5720000000000001,437,561,0.779,123,271,394,164,75,17,197,273,2027
Reggie King,SF,26,SEA,77,42,2086,233,448,0.52,0,2,0.0,233,446,0.522,0.52,136,206,0.66,134,336,470,179,54,24,127,159,602
Greg Kite,C,22,BOS,35,1,197,30,66,0.455,0,0,0.0,30,66,0.455,0.455,5,16,0.313,27,35,62,7,1,5,20,42,65
Billy Knight,SF,31,KCK,75,39,1885,358,729,0.491,4,14,0.28600000000000003,354,715,0.495,0.494,243,283,0.8590000000000001,89,166,255,160,54,6,155,122,963
Joe Kopicki,PF,23,WSB,59,2,678,64,132,0.485,1,7,0.14300000000000002,63,125,0.504,0.489,91,112,0.813,64,102,166,46,15,5,39,71,220
Bruce Kuczenski,PF,22,TOT,15,2,119,10,37,0.27,0,0,0.0,10,37,0.27,0.27,8,12,0.667,7,16,23,8,1,1,15,18,28
Mitch Kupchak,PF,29,LAL,34,3,324,41,108,0.38,0,1,0.0,41,107,0.38299999999999995,0.38,22,34,0.647,35,52,87,7,4,6,22,46,104
Bill Laimbeer,C,26,DET,82,82,2864,553,1044,0.53,0,11,0.0,553,1033,0.535,0.53,316,365,0.866,329,674,1003,149,49,84,151,273,1422
Jeff Lamp,SF,24,POR,64,0,660,128,261,0.49,2,13,0.154,126,248,0.508,0.494,60,67,0.8959999999999999,23,40,63,51,22,4,52,67,318
Mark Landsberger,PF,28,ATL,35,0,335,19,51,0.373,0,0,0.0,19,51,0.373,0.373,15,26,0.5770000000000001,42,77,119,10,6,3,21,32,53
Bob Lanier*,C,35,MIL,72,72,2007,392,685,0.5720000000000001,0,3,0.0,392,682,0.575,0.5720000000000001,194,274,0.708,141,314,455,186,58,51,163,228,978
Allen Leavell,PG,26,HOU,82,27,2009,349,731,0.47700000000000004,11,71,0.155,338,660,0.512,0.485,238,286,0.8320000000000001,31,86,117,459,107,12,184,199,947
Ronnie Lester,PG,25,CHI,43,3,687,78,188,0.415,1,5,0.2,77,183,0.42100000000000004,0.418,75,87,0.862,20,26,46,168,30,6,72,59,232
Fat Lever,PG,23,POR,81,22,2010,313,701,0.447,3,15,0.2,310,686,0.452,0.449,159,214,0.743,96,122,218,372,135,31,125,178,788
Cliff Levingston,PF,23,DET,80,24,1746,229,436,0.525,0,3,0.0,229,433,0.529,0.525,125,186,0.672,234,311,545,109,44,78,77,281,583
Steve Lingenfelter,PF,25,SAS,3,0,14,1,1,1.0,0,0,0.0,1,1,1.0,1.0,0,2,0.0,3,1,4,1,0,0,1,6,2
Alton Lister,PF,25,MIL,82,72,1955,256,512,0.5,0,0,0.0,256,512,0.5,0.5,114,182,0.626,156,447,603,110,41,140,153,327,626
Lewis Lloyd,SG,24,HOU,82,82,2578,610,1182,0.516,3,13,0.231,607,1169,0.519,0.517,235,298,0.789,128,167,295,321,102,44,245,211,1458
Darrell Lockhart,C,23,SAS,2,0,14,2,2,1.0,0,0,0.0,2,2,1.0,1.0,0,0,0.0,0,3,3,0,0,0,2,5,4
Kevin Loder,SF,24,TOT,11,0,137,19,43,0.442,1,3,0.33299999999999996,18,40,0.45,0.45299999999999996,9,13,0.6920000000000001,7,11,18,14,3,5,11,16,48
John Long,SG,27,DET,82,82,2514,545,1155,0.47200000000000003,1,5,0.2,544,1150,0.473,0.47200000000000003,243,275,0.884,139,150,289,205,93,18,143,199,1334
Sidney Lowe,PG,24,IND,78,2,1238,107,259,0.413,2,18,0.111,105,241,0.436,0.41700000000000004,108,139,0.777,30,92,122,269,93,5,106,112,324
John Lucas,PG,30,SAS,63,39,1807,275,595,0.462,19,69,0.275,256,526,0.48700000000000004,0.478,120,157,0.764,23,157,180,673,92,5,147,123,689
Maurice Lucas,PF,31,PHO,75,69,2309,451,908,0.49700000000000005,0,5,0.0,451,903,0.499,0.49700000000000005,293,383,0.765,208,517,725,203,55,39,177,235,1195
Rudy Macklin,SF,25,NYK,8,0,65,12,30,0.4,0,0,0.0,12,30,0.4,0.4,11,13,0.846,5,6,11,3,1,0,6,17,35
Kyle Macy,PG,26,PHO,82,45,2402,357,713,0.501,23,70,0.32899999999999996,334,643,0.519,0.517,95,114,0.833,49,137,186,353,123,6,116,181,832
Rick Mahorn,PF,25,WSB,82,82,2701,307,605,0.507,0,0,0.0,307,605,0.507,0.507,125,192,0.6509999999999999,169,569,738,131,62,123,142,358,739
Jeff Malone,SG,22,WSB,81,2,1976,408,918,0.444,24,74,0.324,384,844,0.455,0.45799999999999996,142,172,0.826,57,98,155,151,23,13,110,162,982
Moses Malone*,C,28,PHI,71,71,2613,532,1101,0.483,0,4,0.0,532,1097,0.485,0.483,545,727,0.75,352,598,950,96,71,110,250,188,1609
Pace Mannion,SF,23,GSW,57,0,469,50,126,0.397,3,13,0.231,47,113,0.41600000000000004,0.409,18,23,0.7829999999999999,23,36,59,47,25,2,23,63,121
Wes Matthews,PG,24,TOT,20,5,388,61,131,0.466,1,8,0.125,60,123,0.488,0.469,27,36,0.75,7,20,27,83,16,3,40,45,150
Cedric Maxwell,SF,28,BOS,80,78,2502,317,596,0.532,1,6,0.16699999999999998,316,590,0.536,0.5329999999999999,320,425,0.753,201,260,461,205,63,24,203,224,955
Bob McAdoo*,C,32,LAL,70,0,1456,352,748,0.47100000000000003,0,5,0.0,352,743,0.474,0.47100000000000003,212,264,0.8029999999999999,82,207,289,74,42,50,127,182,916
Rodney McCray,SF,22,HOU,79,36,2081,335,672,0.499,1,4,0.25,334,668,0.5,0.499,182,249,0.731,173,277,450,176,53,54,120,205,853
Scooter McCray,PF,23,SEA,47,6,520,47,121,0.38799999999999996,0,0,0.0,47,121,0.38799999999999996,0.38799999999999996,35,50,0.7,45,70,115,44,11,19,34,73,129
Hank McDowell,PF,24,SDC,57,0,611,85,197,0.431,0,3,0.0,85,194,0.43799999999999994,0.431,38,56,0.679,63,92,155,37,14,2,49,77,208
Mike McGee,SF,24,LAL,77,45,1425,347,584,0.594,2,12,0.16699999999999998,345,572,0.603,0.596,61,113,0.54,117,76,193,81,49,6,111,176,757
Kevin McHale*,PF,26,BOS,82,10,2577,587,1055,0.556,1,3,0.33299999999999996,586,1052,0.557,0.557,336,439,0.765,208,402,610,104,23,126,150,243,1511
Kevin McKenna,SG,25,IND,61,13,923,152,371,0.41,3,17,0.17600000000000002,149,354,0.42100000000000004,0.414,80,98,0.816,30,65,95,114,46,5,62,133,387
Billy McKinney,PG,28,SDC,80,0,843,136,305,0.446,0,2,0.0,136,303,0.449,0.446,39,46,0.848,7,47,54,161,27,0,48,84,311
Tom McMillen,C,31,WSB,62,5,1294,222,447,0.49700000000000005,1,6,0.16699999999999998,221,441,0.501,0.498,127,156,0.8140000000000001,64,135,199,73,14,17,70,162,572
Mark McNamara,C,24,SAS,70,3,1037,157,253,0.621,0,0,0.0,157,253,0.621,0.621,74,157,0.47100000000000003,137,180,317,31,14,12,89,138,388
Joe Meriweather,C,30,KCK,73,31,1501,193,363,0.532,0,0,0.0,193,363,0.532,0.532,94,123,0.764,111,242,353,51,35,61,83,247,480
Larry Micheaux,PF,23,KCK,39,0,332,49,90,0.544,0,0,0.0,49,90,0.544,0.544,21,39,0.5379999999999999,40,73,113,19,21,11,21,46,119
Bob Miller,PF,27,SAS,2,0,8,2,3,0.667,0,0,0.0,2,3,0.667,0.667,0,0,0.0,2,3,5,1,0,1,0,5,4
Mike Mitchell,SF,28,SAS,79,79,2853,779,1597,0.488,6,14,0.429,773,1583,0.488,0.49,275,353,0.779,188,382,570,93,62,73,141,251,1839
Paul Mokeski,C,27,MIL,68,4,838,102,213,0.479,1,3,0.33299999999999996,101,210,0.48100000000000004,0.48100000000000004,50,72,0.6940000000000001,51,115,166,44,11,29,44,168,255
Sidney Moncrief*,SG,26,MIL,79,79,3075,560,1125,0.498,5,18,0.278,555,1107,0.501,0.5,529,624,0.848,215,313,528,358,108,27,217,204,1654
Johnny Moore,PG,25,SAS,59,42,1650,231,518,0.446,28,87,0.322,203,431,0.47100000000000003,0.473,105,139,0.755,37,141,178,566,123,20,143,168,595
Larry Nance,PF,24,PHO,82,82,2899,601,1044,0.5760000000000001,0,7,0.0,601,1037,0.58,0.5760000000000001,249,352,0.7070000000000001,227,451,678,214,86,174,177,274,1451
Swen Nater,C,34,LAL,69,0,829,124,253,0.49,0,1,0.0,124,252,0.49200000000000005,0.49,63,91,0.6920000000000001,81,183,264,27,25,7,68,150,311
Calvin Natt,SF,27,POR,79,74,2638,500,857,0.583,2,17,0.11800000000000001,498,840,0.593,0.585,275,345,0.797,166,310,476,179,69,22,166,218,1277
Ed Nealy,PF,23,KCK,71,1,960,63,126,0.5,0,0,0.0,63,126,0.5,0.5,48,60,0.8,73,149,222,50,41,9,33,138,174
Kurt Nimphius,C,25,DAL,82,46,2284,272,523,0.52,1,4,0.25,271,519,0.522,0.521,101,162,0.623,182,331,513,176,41,144,98,283,646
Norm Nixon,PG,28,SDC,82,82,3053,587,1270,0.462,11,46,0.239,576,1224,0.47100000000000003,0.467,206,271,0.76,56,147,203,914,94,4,257,180,1391
Audie Norris,C,23,POR,79,1,1157,124,246,0.504,0,0,0.0,124,246,0.504,0.504,104,149,0.698,82,175,257,76,30,34,114,231,352
Mike O'Koren,SF,25,NJN,73,25,1191,186,385,0.483,5,28,0.179,181,357,0.507,0.49,53,87,0.609,71,104,175,95,34,11,75,148,430
Mark Olberding,PF,27,KCK,81,81,2160,249,504,0.494,0,1,0.0,249,503,0.495,0.494,261,318,0.821,119,326,445,192,50,28,166,291,759
Jawann Oldham,C,26,CHI,64,0,870,110,218,0.505,0,0,0.0,110,218,0.505,0.505,39,66,0.591,75,158,233,33,15,76,83,139,259
Louis Orr,SF,25,NYK,78,20,1640,262,572,0.45799999999999996,0,0,0.0,262,572,0.45799999999999996,0.45799999999999996,173,211,0.82,101,127,228,61,66,17,95,142,697
Robert Parish*,C,30,BOS,80,79,2867,623,1140,0.546,0,0,0.0,623,1140,0.546,0.546,274,368,0.745,243,614,857,139,55,116,184,266,1520
Billy Paultz,C,35,ATL,40,4,486,36,88,0.409,0,0,0.0,36,88,0.409,0.409,17,33,0.515,35,78,113,18,8,7,22,57,89
Jim Paxson,SG,26,POR,81,81,2686,680,1322,0.514,17,59,0.28800000000000003,663,1263,0.525,0.521,345,410,0.841,68,105,173,251,122,10,142,165,1722
John Paxson,PG,23,SAS,49,0,458,61,137,0.445,4,22,0.182,57,115,0.496,0.46,16,26,0.615,4,29,33,149,10,2,32,47,142
Roger Phegley,SG,27,TOT,13,0,87,11,35,0.314,2,5,0.4,9,30,0.3,0.34299999999999997,4,4,1.0,2,9,11,11,1,0,6,11,28
Ricky Pierce,SG,24,SDC,69,35,1280,268,570,0.47,0,9,0.0,268,561,0.478,0.47,149,173,0.861,59,76,135,60,27,13,81,143,685
John Pinone,SF,22,ATL,7,0,65,7,13,0.5379999999999999,0,0,0.0,7,13,0.5379999999999999,0.5379999999999999,6,10,0.6,0,10,10,3,2,1,5,11,20
Tom Piotrowski,C,23,POR,18,0,78,12,26,0.462,0,0,0.0,12,26,0.462,0.462,6,6,1.0,6,10,16,5,1,3,6,22,30
Charles Pittman,PF,25,PHO,69,8,989,126,209,0.603,0,2,0.0,126,207,0.609,0.603,69,101,0.6829999999999999,76,138,214,70,16,22,81,129,321
Ben Poquette,PF,28,CLE,51,4,858,75,171,0.439,1,5,0.2,74,166,0.446,0.442,34,43,0.7909999999999999,57,125,182,49,20,33,28,114,185
Paul Pressey,SG,25,MIL,81,18,1730,276,528,0.523,2,9,0.222,274,519,0.528,0.525,120,200,0.6,102,180,282,252,86,50,157,241,674
Kurt Rambis,PF,25,LAL,47,31,743,63,113,0.5579999999999999,0,0,0.0,63,113,0.5579999999999999,0.5579999999999999,42,66,0.636,82,184,266,34,30,14,56,108,168
Kelvin Ransey,PG,25,NJN,80,50,1937,304,700,0.434,7,32,0.21899999999999997,297,668,0.445,0.439,145,183,0.792,28,99,127,483,91,6,141,182,760
Leo Rautins,SF,23,PHI,28,3,196,21,58,0.36200000000000004,0,0,0.0,21,58,0.36200000000000004,0.36200000000000004,6,10,0.6,9,24,33,29,9,2,19,31,48
Robert Reid,SF,28,HOU,64,28,1936,406,857,0.474,2,8,0.25,404,849,0.47600000000000003,0.475,81,123,0.659,97,244,341,217,88,30,92,243,895
Clint Richardson,SG,27,PHI,69,12,1571,221,473,0.467,0,4,0.0,221,469,0.47100000000000003,0.467,79,103,0.767,62,103,165,155,49,23,100,145,521
Micheal Ray Richardson,PG,28,NJN,48,25,1285,243,528,0.46,14,58,0.24100000000000002,229,470,0.48700000000000004,0.473,76,108,0.7040000000000001,56,116,172,214,103,20,118,156,576
Doc Rivers,PG,22,ATL,81,47,1938,250,541,0.462,2,12,0.16699999999999998,248,529,0.469,0.46399999999999997,255,325,0.785,72,148,220,314,127,30,174,286,757
Anthony Roberts,SF,28,DEN,19,0,197,34,91,0.374,0,0,0.0,34,91,0.374,0.374,13,18,0.722,20,31,51,13,5,1,17,43,81
Fred Roberts,PF,23,SAS,79,8,1531,214,399,0.536,1,4,0.25,213,395,0.539,0.5379999999999999,144,172,0.8370000000000001,102,202,304,98,52,38,100,219,573
Rick Robey,C,28,PHO,61,4,856,140,257,0.545,1,1,1.0,139,256,0.5429999999999999,0.547,61,88,0.693,80,118,198,65,20,14,77,120,342
Cliff Robinson,C,23,CLE,73,70,2402,533,1185,0.45,1,2,0.5,532,1183,0.45,0.45,234,334,0.701,156,597,753,185,51,32,187,195,1301
Truck Robinson,PF,32,NYK,65,63,2135,284,581,0.489,0,0,0.0,284,581,0.489,0.489,133,206,0.6459999999999999,171,374,545,94,43,27,160,217,701
Dave Robisch,C,34,TOT,31,0,340,35,96,0.365,0,0,0.0,35,96,0.365,0.365,22,26,0.846,15,43,58,20,3,2,12,36,92
Tree Rollins,C,28,ATL,77,76,2351,274,529,0.518,0,0,0.0,274,529,0.518,0.518,118,190,0.621,200,393,593,62,35,277,101,297,666
Lorenzo Romar,PG,25,TOT,68,9,1022,161,351,0.45899999999999996,4,33,0.121,157,318,0.494,0.46399999999999997,67,94,0.713,21,72,93,193,55,8,63,77,393
Dan Roundfield,PF,30,ATL,73,72,2610,503,1038,0.485,0,11,0.0,503,1027,0.49,0.485,374,486,0.77,206,515,721,184,61,74,205,221,1380
Jeff Ruland,C,25,WSB,75,75,3082,599,1035,0.579,1,7,0.14300000000000002,598,1028,0.5820000000000001,0.579,466,636,0.733,265,657,922,296,68,72,342,285,1665
Walker Russell,PG,23,DET,16,0,119,14,42,0.33299999999999996,1,2,0.5,13,40,0.325,0.345,12,13,0.9229999999999999,6,13,19,22,4,0,9,25,41
Ralph Sampson*,C,23,HOU,82,82,2693,716,1369,0.523,1,4,0.25,715,1365,0.524,0.523,287,434,0.6609999999999999,293,620,913,163,70,197,294,339,1720
Mike Sanders,SF,23,PHO,50,0,586,97,203,0.478,0,0,0.0,97,203,0.478,0.478,29,42,0.69,40,63,103,44,23,12,44,101,223
DeWayne Scales,PF,25,WSB,2,0,13,3,5,0.6,0,0,0.0,3,5,0.6,0.6,0,2,0.0,0,3,3,0,1,0,2,1,6
Danny Schayes,C,24,DEN,82,15,1420,183,371,0.493,0,2,0.0,183,369,0.496,0.493,215,272,0.79,145,288,433,91,32,60,119,308,581
Alvin Scott,SF,28,PHO,65,5,735,55,124,0.444,1,2,0.5,54,122,0.44299999999999995,0.44799999999999995,56,72,0.778,29,71,100,48,19,20,42,85,167
Byron Scott,SG,22,LAL,74,49,1637,334,690,0.484,8,34,0.235,326,656,0.49700000000000005,0.49,112,139,0.8059999999999999,50,114,164,177,81,19,116,174,788
Lonnie Shelton,PF,28,CLE,79,78,2101,371,779,0.47600000000000003,1,5,0.2,370,774,0.478,0.47700000000000004,107,140,0.764,140,241,381,179,76,55,165,279,850
Purvis Short,SF,26,GSW,79,76,2945,714,1509,0.473,22,72,0.306,692,1437,0.48200000000000004,0.48,353,445,0.7929999999999999,184,254,438,246,103,11,228,252,1803
Jerry Sichting,PG,27,IND,80,80,2497,397,746,0.532,6,20,0.3,391,726,0.539,0.536,117,135,0.867,44,127,171,457,90,8,144,179,917
Jack Sikma*,C,28,SEA,82,82,2993,576,1155,0.499,0,2,0.0,576,1153,0.5,0.499,411,480,0.856,225,686,911,327,95,92,236,301,1563
Derek Smith,SG,22,SDC,61,20,1297,238,436,0.546,1,6,0.16699999999999998,237,430,0.551,0.547,123,163,0.755,54,116,170,82,33,22,78,165,600
Larry Smith,PF,26,GSW,75,63,2091,244,436,0.56,0,0,0.0,244,436,0.56,0.56,94,168,0.56,282,390,672,72,61,22,124,274,582
Ricky Sobers,SG,31,WSB,81,81,2624,508,1115,0.456,29,111,0.261,479,1004,0.47700000000000004,0.469,221,264,0.8370000000000001,51,128,179,377,117,17,222,278,1266
Jim Spanarkel,SG,26,DAL,7,0,54,7,16,0.43799999999999994,1,2,0.5,6,14,0.429,0.469,9,13,0.6920000000000001,5,2,7,5,6,0,4,8,24
Rory Sparrow,PG,25,NYK,79,74,2436,350,738,0.474,10,39,0.256,340,699,0.486,0.48100000000000004,108,131,0.8240000000000001,48,141,189,539,100,8,210,230,818
Larry Spriggs,SF,24,LAL,38,0,363,44,82,0.537,0,2,0.0,44,80,0.55,0.537,36,50,0.72,16,45,61,30,12,4,34,55,124
Brook Steppe,SG,24,IND,61,13,857,148,314,0.47100000000000003,0,3,0.0,148,311,0.47600000000000003,0.47100000000000003,134,161,0.8320000000000001,43,79,122,79,34,6,83,93,430
Steve Stipanovich,C,23,IND,81,73,2426,392,816,0.48,3,16,0.188,389,800,0.486,0.48200000000000004,183,243,0.753,116,446,562,170,73,67,161,303,970
Jon Sundvold,PG,22,SEA,73,2,1284,217,488,0.445,9,37,0.243,208,451,0.461,0.45399999999999996,64,72,0.889,23,68,91,239,29,1,81,81,507
Dane Suttle,SG,22,KCK,40,1,469,109,214,0.509,0,3,0.0,109,211,0.517,0.509,40,47,0.851,21,25,46,46,20,0,32,46,258
Terry Teagle,SG,23,HOU,68,0,616,148,315,0.47,7,27,0.259,141,288,0.49,0.48100000000000004,37,44,0.841,28,50,78,63,13,4,62,81,340
Reggie Theus,PG,26,TOT,61,35,1498,262,625,0.419,7,42,0.16699999999999998,255,583,0.43700000000000006,0.425,214,281,0.762,50,79,129,352,50,12,156,171,745
David Thirdkill,SF,23,DET,46,0,291,31,72,0.431,0,1,0.0,31,71,0.43700000000000006,0.431,15,31,0.484,9,22,31,27,10,3,19,44,77
Isiah Thomas*,PG,22,DET,82,82,3007,669,1448,0.462,22,65,0.33799999999999997,647,1383,0.46799999999999997,0.47,388,529,0.733,103,224,327,914,204,33,307,324,1748
Jim Thomas,SG,23,IND,72,15,1219,187,403,0.46399999999999997,1,11,0.091,186,392,0.474,0.465,80,110,0.727,59,90,149,130,60,6,69,115,455
David Thompson*,SG,29,SEA,19,0,349,89,165,0.539,0,1,0.0,89,164,0.5429999999999999,0.539,62,73,0.8490000000000001,18,26,44,13,10,13,27,30,240
LaSalle Thompson,C,22,KCK,80,38,1915,333,637,0.523,0,0,0.0,333,637,0.523,0.523,160,223,0.7170000000000001,260,449,709,86,71,145,168,327,826
Mychal Thompson,C,29,POR,79,74,2648,487,929,0.524,0,2,0.0,487,927,0.525,0.524,266,399,0.667,235,453,688,308,84,108,235,237,1240
Paul Thompson,SF,22,CLE,82,10,1731,309,662,0.467,9,39,0.231,300,623,0.48200000000000004,0.474,115,149,0.772,120,192,312,122,70,37,73,192,742
Sedale Threatt,PG,22,PHI,45,0,464,62,148,0.419,1,8,0.125,61,140,0.436,0.42200000000000004,23,28,0.821,17,23,40,41,13,2,33,65,148
Darren Tillis,C,23,GSW,72,1,730,108,254,0.425,0,2,0.0,108,252,0.429,0.425,41,63,0.6509999999999999,75,109,184,24,12,60,51,176,257
Ray Tolbert,PF,25,DET,49,0,475,64,121,0.529,0,1,0.0,64,120,0.5329999999999999,0.529,23,45,0.511,45,53,98,26,12,20,26,88,151
Andrew Toney,SG,26,PHI,78,72,2556,593,1125,0.527,12,38,0.316,581,1087,0.534,0.532,390,465,0.8390000000000001,57,136,193,373,70,23,297,251,1588
Linton Townes,SF,24,TOT,4,0,19,4,8,0.5,0,0,0.0,4,8,0.5,0.5,0,0,0.0,0,1,1,1,1,2,1,4,8
Kelly Tripucka,SF,24,DET,76,75,2493,595,1296,0.45899999999999996,2,17,0.11800000000000001,593,1279,0.46399999999999997,0.46,426,523,0.815,119,187,306,228,65,17,190,190,1618
Trent Tucker,SG,24,NYK,63,21,1228,225,450,0.5,6,16,0.375,219,434,0.505,0.507,25,33,0.758,43,87,130,138,63,8,54,124,481
Elston Turner,SF,24,DAL,47,1,536,54,150,0.36,1,9,0.111,53,141,0.376,0.363,28,34,0.8240000000000001,42,51,93,59,26,0,29,40,137
Terry Tyler,SF,27,DET,82,7,1602,313,691,0.45299999999999996,2,13,0.154,311,678,0.45899999999999996,0.45399999999999996,94,132,0.7120000000000001,104,181,285,76,63,59,78,151,722
Darnell Valentine,PG,24,POR,68,60,1893,251,561,0.447,0,3,0.0,251,558,0.45,0.447,194,246,0.789,49,78,127,395,107,6,149,179,696
Kiki Vandeweghe,PF,25,DEN,78,71,2734,895,1603,0.5579999999999999,11,30,0.36700000000000005,884,1573,0.562,0.562,494,580,0.852,84,289,373,238,53,50,156,187,2295
Pete Verhoeven,PF,24,POR,43,0,327,50,100,0.5,0,1,0.0,50,99,0.505,0.5,17,25,0.68,27,34,61,20,22,11,21,75,117
Jay Vincent,SF,24,DAL,61,5,1421,252,579,0.435,0,1,0.0,252,578,0.436,0.435,168,215,0.7809999999999999,81,166,247,114,30,10,113,159,672
Danny Vranes,SF,25,SEA,80,72,2174,258,495,0.521,0,1,0.0,258,494,0.522,0.521,153,236,0.648,150,245,395,132,51,54,121,263,669
Granville Waiters,C,23,IND,78,8,1040,123,238,0.517,0,1,0.0,123,237,0.519,0.517,31,51,0.608,64,163,227,60,24,85,65,164,277
Darrell Walker,PG,22,NYK,82,0,1324,216,518,0.41700000000000004,4,15,0.267,212,503,0.42100000000000004,0.42100000000000004,208,263,0.7909999999999999,74,93,167,284,127,15,194,202,644
Foots Walker,PG,32,NJN,34,0,378,32,90,0.35600000000000004,2,5,0.4,30,85,0.353,0.36700000000000005,24,27,0.889,8,23,31,81,20,3,31,37,90
Wally Walker,SF,29,HOU,58,18,612,118,241,0.49,2,6,0.33299999999999996,116,235,0.494,0.494,6,18,0.33299999999999996,26,66,92,55,17,4,33,65,244
Bill Walton*,C,31,SDC,55,46,1476,288,518,0.556,0,2,0.0,288,516,0.5579999999999999,0.556,92,154,0.597,132,345,477,183,45,88,177,153,668
Bryan Warrick,PG,24,WSB,32,0,254,27,66,0.409,1,3,0.33299999999999996,26,63,0.413,0.41700000000000004,8,16,0.5,5,17,22,43,9,3,20,37,63
Marvin Webster,C,31,NYK,76,5,1290,112,239,0.469,0,0,0.0,112,239,0.469,0.469,66,117,0.564,146,220,366,53,34,100,85,187,290
Scott Wedman,SF,31,BOS,68,5,916,148,333,0.444,2,13,0.154,146,320,0.456,0.447,29,35,0.8290000000000001,41,98,139,67,27,7,43,107,327
Brant Weidner,PF,23,SAS,8,0,38,2,9,0.222,0,0,0.0,2,9,0.222,0.222,4,4,1.0,4,7,11,0,0,2,2,5,8
Mark West,C,23,DAL,34,0,202,15,42,0.35700000000000004,0,0,0.0,15,42,0.35700000000000004,0.35700000000000004,7,22,0.318,19,27,46,13,1,15,12,55,37
Paul Westphal*,SG,33,PHO,59,2,865,144,313,0.46,7,26,0.26899999999999996,137,287,0.47700000000000004,0.47100000000000003,117,142,0.8240000000000001,8,35,43,148,41,6,77,69,412
Ennis Whatley,PG,21,CHI,80,73,2159,261,556,0.469,0,2,0.0,261,554,0.47100000000000003,0.469,146,200,0.73,63,134,197,662,119,17,268,223,668
Rory White,SF,24,TOT,36,2,372,80,170,0.47100000000000003,0,0,0.0,80,170,0.47100000000000003,0.47100000000000003,26,47,0.5529999999999999,37,37,74,15,15,3,24,31,186
Jerome Whitehead,C,27,SDC,70,1,921,144,294,0.49,0,0,0.0,144,294,0.49,0.49,88,107,0.8220000000000001,94,151,245,19,17,12,59,159,376
Mitchell Wiggins,SG,24,CHI,82,40,2123,399,890,0.44799999999999995,7,29,0.24100000000000002,392,861,0.455,0.452,213,287,0.742,138,190,328,187,106,11,139,278,1018
Jamaal Wilkes*,SF,30,LAL,75,74,2507,542,1055,0.514,2,8,0.25,540,1047,0.516,0.515,208,280,0.743,130,210,340,214,72,41,137,205,1294
Dominique Wilkins*,SF,24,ATL,81,81,2961,684,1429,0.479,0,11,0.0,684,1418,0.48200000000000004,0.479,382,496,0.77,254,328,582,126,117,87,215,197,1750
Jeff Wilkins,C,28,UTA,81,1,1734,249,520,0.479,0,3,0.0,249,517,0.48200000000000004,0.479,134,182,0.736,109,346,455,73,27,42,109,205,632
Buck Williams,PF,23,NJN,81,81,3003,495,926,0.535,0,4,0.0,495,922,0.537,0.535,284,498,0.57,355,645,1000,130,81,125,237,298,1274
Gus Williams,PG,30,SEA,80,80,2818,598,1306,0.45799999999999996,4,25,0.16,594,1281,0.46399999999999997,0.45899999999999996,297,396,0.75,67,137,204,675,189,25,232,151,1497
Herb Williams,C,25,IND,69,53,2279,411,860,0.478,0,4,0.0,411,856,0.48,0.478,207,295,0.7020000000000001,154,400,554,215,60,108,207,193,1029
Kevin Williams,SG,22,SAS,19,0,200,25,58,0.431,0,1,0.0,25,57,0.439,0.431,25,32,0.7809999999999999,4,9,13,43,8,4,22,42,75
Ray Williams,SG,29,NYK,76,63,2230,418,939,0.445,25,81,0.309,393,858,0.45799999999999996,0.45799999999999996,263,318,0.8270000000000001,67,200,267,449,162,26,219,274,1124
Rob Williams,PG,22,DEN,79,66,1924,309,671,0.461,15,47,0.319,294,624,0.47100000000000003,0.47200000000000003,171,209,0.818,54,140,194,464,84,5,169,268,804
Sam Williams,PF,24,TOT,77,12,1434,204,431,0.473,0,1,0.0,204,430,0.474,0.473,92,140,0.657,121,218,339,62,68,106,99,209,500
Sly Williams,SF,26,ATL,13,1,258,34,114,0.298,1,9,0.111,33,105,0.314,0.303,36,46,0.7829999999999999,19,31,50,16,14,1,18,33,105
Bill Willoughby,SF,26,NJN,67,2,936,124,258,0.48100000000000004,0,7,0.0,124,251,0.494,0.48100000000000004,55,63,0.873,75,118,193,56,23,24,53,106,303
Michael Wilson,PG,24,WSB,6,0,26,0,2,0.0,0,1,0.0,0,1,0.0,0.0,1,2,0.5,1,0,1,3,0,0,3,5,1
Randy Wittman,SG,24,ATL,78,1,1071,160,318,0.503,2,5,0.4,158,313,0.505,0.506,28,46,0.609,14,57,71,71,17,0,32,82,350
Al Wood,SG,25,SEA,81,81,2236,467,945,0.494,3,21,0.14300000000000002,464,924,0.502,0.496,223,271,0.823,94,181,275,166,64,32,126,207,1160
Mike Woodson,SG,25,KCK,71,12,1838,389,816,0.47700000000000004,2,8,0.25,387,808,0.479,0.478,247,302,0.818,62,113,175,175,83,28,115,174,1027
Orlando Woolridge,SF,24,CHI,75,74,2544,570,1086,0.525,1,2,0.5,569,1084,0.525,0.525,303,424,0.715,130,239,369,136,71,60,188,253,1444
James Worthy*,PF,22,LAL,82,53,2415,495,890,0.556,0,6,0.0,495,884,0.56,0.556,195,257,0.759,157,358,515,207,77,70,181,244,1185
