Player,Pos,Age,Tm,G,GS,MP,FG,FGA,FG%,3P,3PA,3P%,2P,2PA,2P%,eFG%,FT,FTA,FT%,ORB,DRB,TRB,AST,STL,BLK,TOV,PF,PTS
Kareem Abdul-Jabbar*,C,32,LAL,82,0,3143,835,1383,0.604,0,1,0.0,835,1382,0.604,0.604,364,476,0.765,190,696,886,371,81,280,297,216,2034
Tom Abernethy,PF,25,GSW,67,0,1222,153,318,0.48100000000000004,0,1,0.0,153,317,0.483,0.48100000000000004,56,82,0.6829999999999999,62,129,191,87,35,12,39,118,362
Alvan Adams,C,25,PHO,75,0,2168,465,875,0.531,0,2,0.0,465,873,0.5329999999999999,0.531,188,236,0.797,158,451,609,322,108,55,218,237,1118
Tiny Archibald*,PG,31,BOS,80,80,2864,383,794,0.48200000000000004,4,18,0.222,379,776,0.488,0.485,361,435,0.83,59,138,197,671,106,10,242,218,1131
Dennis Awtrey,C,31,CHI,26,0,560,27,60,0.45,0,0,0.0,27,60,0.45,0.45,32,50,0.64,29,86,115,40,12,15,27,66,86
Gus Bailey,SG,28,WSB,20,0,180,16,35,0.457,1,1,1.0,15,34,0.441,0.47100000000000003,5,13,0.385,6,22,28,26,7,4,11,18,38
James Bailey,PF,22,SEA,67,0,726,122,271,0.45,0,0,0.0,122,271,0.45,0.45,68,101,0.6729999999999999,71,126,197,28,21,54,79,116,312
Greg Ballard,SF,25,WSB,82,0,2438,545,1101,0.495,16,47,0.34,529,1054,0.502,0.502,171,227,0.753,240,398,638,159,90,36,133,197,1277
Mike Bantom,SF,28,IND,77,0,2330,384,760,0.505,1,3,0.33299999999999996,383,757,0.506,0.506,139,209,0.665,192,264,456,279,85,49,189,268,908
Marvin Barnes,PF,27,SDC,20,0,287,24,60,0.4,0,0,0.0,24,60,0.4,0.4,16,32,0.5,34,43,77,18,5,12,18,52,64
Rick Barry*,SF,35,HOU,72,0,1816,325,771,0.42200000000000004,73,221,0.33,252,550,0.45799999999999996,0.469,143,153,0.935,53,183,236,268,80,28,152,182,866
Tim Bassett,PF,28,TOT,12,0,164,12,34,0.353,0,0,0.0,12,34,0.353,0.353,10,15,0.667,11,22,33,14,8,0,9,27,34
Billy Ray Bates,SG,23,POR,16,0,235,72,146,0.493,8,19,0.42100000000000004,64,127,0.504,0.521,28,39,0.718,13,16,29,31,14,2,20,26,180
Ron Behagen,PF,29,WSB,6,0,64,9,23,0.391,0,0,0.0,9,23,0.391,0.391,5,6,0.833,6,8,14,7,0,4,4,14,23
Kent Benson,C,25,TOT,73,0,1891,299,618,0.484,1,5,0.2,298,613,0.486,0.485,99,141,0.7020000000000001,126,327,453,178,73,92,157,246,698
Del Beshore,PG,23,CHI,68,0,869,88,250,0.35200000000000004,10,26,0.385,78,224,0.348,0.37200000000000005,58,87,0.667,16,47,63,139,58,5,104,105,244
Henry Bibby,PG,30,PHI,82,0,2035,251,626,0.401,11,52,0.212,240,574,0.418,0.41,226,286,0.79,65,143,208,307,62,6,147,161,739
Larry Bird*,PF,23,BOS,82,82,2955,693,1463,0.474,58,143,0.406,635,1320,0.48100000000000004,0.494,301,360,0.836,216,636,852,370,143,53,263,279,1745
Otis Birdsong,SG,24,KCK,82,0,2885,781,1546,0.505,10,36,0.278,771,1510,0.511,0.508,286,412,0.6940000000000001,170,161,331,202,136,22,179,226,1858
Ron Boone,SG,33,TOT,81,0,2392,405,915,0.44299999999999995,19,50,0.38,386,865,0.446,0.45299999999999996,175,196,0.893,54,173,227,309,97,3,197,232,1004
Lawrence Boston,PF,23,WSB,13,0,125,24,52,0.462,0,0,0.0,24,52,0.462,0.462,8,13,0.615,19,20,39,2,4,2,8,25,56
Tom Boswell,PF,26,TOT,79,0,2077,346,613,0.564,5,10,0.5,341,603,0.5660000000000001,0.569,206,273,0.755,146,296,442,161,29,37,181,270,903
Winford Boynes,SG,22,NJN,64,0,1102,221,467,0.473,0,4,0.0,221,463,0.47700000000000004,0.473,104,136,0.765,51,82,133,95,59,19,96,132,546
Alonzo Bradley,SF,26,HOU,22,0,96,17,48,0.354,1,1,1.0,16,47,0.34,0.365,6,9,0.667,2,4,6,3,3,0,8,9,41
Dudley Bradley,SG,22,IND,82,0,2027,275,609,0.452,2,5,0.4,273,604,0.452,0.45299999999999996,136,174,0.782,69,154,223,252,211,48,166,194,688
Mike Bratz,PG,24,PHO,82,0,1589,269,687,0.392,21,86,0.244,248,601,0.413,0.40700000000000003,141,162,0.87,50,117,167,223,93,9,135,165,700
Jim Brewer,PF,28,POR,67,0,1016,90,184,0.489,0,5,0.0,90,179,0.503,0.489,14,29,0.483,101,156,257,75,42,43,47,129,194
Ron Brewer,SG,24,POR,82,0,2815,548,1182,0.46399999999999997,6,32,0.188,542,1150,0.47100000000000003,0.466,184,219,0.84,54,160,214,216,98,48,167,154,1286
Junior Bridgeman,SF,26,MIL,81,0,2316,594,1243,0.478,5,27,0.185,589,1216,0.484,0.48,230,266,0.865,104,197,301,237,94,20,172,216,1423
Allan Bristow,SF,28,UTA,82,0,2304,377,785,0.48,2,7,0.28600000000000003,375,778,0.48200000000000004,0.48200000000000004,197,243,0.8109999999999999,170,342,512,341,88,6,179,211,953
Fred Brown,SG,31,SEA,80,0,1701,404,843,0.479,39,88,0.44299999999999995,365,755,0.483,0.502,113,135,0.8370000000000001,35,120,155,174,65,17,105,117,960
John Brown,SF,28,TOT,32,0,385,37,105,0.35200000000000004,0,0,0.0,37,105,0.35200000000000004,0.35200000000000004,38,48,0.792,26,45,71,18,3,4,29,70,112
Roger Brown,C,29,CHI,4,0,37,1,3,0.33299999999999996,0,0,0.0,1,3,0.33299999999999996,0.33299999999999996,0,0,0.0,2,8,10,1,0,3,0,4,2
Joe Bryant,PF,25,SDC,81,0,2328,294,682,0.431,5,34,0.147,289,648,0.446,0.435,161,217,0.742,171,345,516,144,102,39,170,258,754
Quinn Buckner,PG,25,MIL,67,0,1690,306,655,0.467,2,5,0.4,304,650,0.46799999999999997,0.469,105,143,0.7340000000000001,69,169,238,383,135,4,149,202,719
Tom Burleson,C,27,KCK,37,0,272,36,104,0.34600000000000003,0,3,0.0,36,101,0.35600000000000004,0.34600000000000003,23,40,0.575,23,49,72,20,8,13,25,49,95
Don Buse,PG,29,PHO,81,0,2499,261,589,0.44299999999999995,19,79,0.24100000000000002,242,510,0.475,0.45899999999999996,85,128,0.664,70,163,233,320,132,10,91,111,626
Marty Byrnes,SF,23,LAL,32,0,194,25,50,0.5,0,0,0.0,25,50,0.5,0.5,13,15,0.867,9,18,27,13,5,1,22,32,63
Corky Calhoun,SF,29,IND,7,0,30,4,9,0.444,0,0,0.0,4,9,0.444,0.444,0,2,0.0,7,3,10,0,2,0,1,6,8
Mack Calvin,PG,32,UTA,48,0,772,100,227,0.441,1,11,0.091,99,216,0.45799999999999996,0.44299999999999995,105,117,0.897,13,71,84,134,27,0,57,72,306
Austin Carr,SG,31,CLE,77,0,1595,390,839,0.465,2,6,0.33299999999999996,388,833,0.466,0.466,127,172,0.738,81,84,165,150,39,3,108,120,909
Kenny Carr,PF,24,TOT,79,0,1838,378,768,0.49200000000000005,0,4,0.0,378,764,0.495,0.49200000000000005,173,263,0.6579999999999999,199,389,588,77,66,52,154,246,929
M.L. Carr,SF,29,BOS,82,7,1994,362,763,0.474,12,41,0.293,350,722,0.485,0.48200000000000004,178,241,0.7390000000000001,106,224,330,156,120,36,143,214,914
Bob Carrington,SG,26,SDC,10,0,134,15,37,0.405,0,2,0.0,15,35,0.429,0.405,6,8,0.75,6,7,13,3,4,1,5,18,36
Ron Carter,SG,23,IND,13,0,117,15,37,0.405,0,0,0.0,15,37,0.405,0.405,2,7,0.28600000000000003,5,14,19,9,2,3,10,19,32
Bill Cartwright,C,22,NYK,82,0,3150,665,1215,0.547,0,0,0.0,665,1215,0.547,0.547,451,566,0.797,194,532,726,165,48,101,222,279,1781
Harvey Catchings,C,28,MIL,72,0,1366,97,244,0.39799999999999996,0,1,0.0,97,243,0.39899999999999997,0.39799999999999996,39,62,0.629,164,246,410,82,23,162,68,191,233
Don Chaney,SG,33,BOS,60,0,523,67,189,0.354,1,6,0.16699999999999998,66,183,0.361,0.35700000000000004,32,42,0.762,31,42,73,38,31,11,33,80,167
Maurice Cheeks*,PG,23,PHI,79,0,2623,357,661,0.54,4,9,0.444,353,652,0.541,0.5429999999999999,180,231,0.779,75,199,274,556,183,32,216,197,898
Phil Chenier,SG,29,TOT,43,0,850,136,349,0.39,5,12,0.41700000000000004,131,337,0.389,0.397,49,67,0.731,19,59,78,89,33,15,55,55,326
Jim Chones,C,30,LAL,82,0,2394,372,760,0.489,0,2,0.0,372,758,0.491,0.489,125,169,0.74,143,421,564,151,56,65,175,271,869
Jim Cleamons,PG,30,TOT,79,0,1789,214,450,0.47600000000000003,7,31,0.226,207,419,0.494,0.483,84,113,0.743,53,99,152,288,57,11,109,133,519
Doug Collins,SG,28,PHI,36,0,963,191,410,0.466,0,1,0.0,191,409,0.467,0.466,113,124,0.9109999999999999,29,65,94,100,30,7,82,76,495
Jeff Cook,PF,23,PHO,66,0,904,129,275,0.469,0,3,0.0,129,272,0.474,0.469,104,129,0.8059999999999999,90,151,241,84,28,18,71,102,362
Michael Cooper,SG,23,LAL,82,0,1973,303,578,0.524,5,20,0.25,298,558,0.534,0.529,111,143,0.7759999999999999,101,128,229,221,86,38,142,215,722
Wayne Cooper,PF,23,GSW,79,0,1781,367,750,0.489,1,4,0.25,366,746,0.491,0.49,136,181,0.7509999999999999,202,305,507,42,20,79,140,246,871
Hollis Copeland,SF,24,NYK,75,0,1142,182,368,0.495,0,2,0.0,182,366,0.49700000000000005,0.495,63,86,0.733,70,86,156,80,61,25,84,154,427
Dave Corzine,C,23,WSB,78,0,826,90,216,0.41700000000000004,0,0,0.0,90,216,0.41700000000000004,0.41700000000000004,45,68,0.662,104,166,270,63,9,31,60,120,225
John Coughran,SF,28,GSW,24,0,160,29,81,0.358,2,9,0.222,27,72,0.375,0.37,8,14,0.5710000000000001,2,17,19,12,7,1,13,24,68
Dave Cowens*,C,31,BOS,66,55,2159,422,932,0.45299999999999996,1,12,0.083,421,920,0.45799999999999996,0.45299999999999996,95,122,0.779,126,408,534,206,69,61,108,216,940
Charlie Criss,PG,31,ATL,81,0,1794,249,578,0.431,1,17,0.059000000000000004,248,561,0.442,0.43200000000000005,172,212,0.8109999999999999,27,89,116,246,74,4,130,133,671
Terry Crosby,PG,23,KCK,4,0,28,2,4,0.5,0,0,0.0,2,4,0.5,0.5,2,2,1.0,0,1,1,7,0,0,5,4,6
Pat Cummings,C,23,MIL,71,0,900,187,370,0.505,0,0,0.0,187,370,0.505,0.505,94,123,0.764,81,157,238,53,22,17,74,141,468
Bob Dandridge,SF,32,WSB,45,0,1457,329,729,0.451,2,11,0.182,327,718,0.455,0.45299999999999996,123,152,0.809,63,183,246,178,29,36,123,112,783
Adrian Dantley*,SF,23,UTA,68,0,2674,730,1267,0.5760000000000001,0,2,0.0,730,1265,0.5770000000000001,0.5760000000000001,443,526,0.8420000000000001,183,333,516,191,96,14,233,211,1903
Brad Davis,PG,24,TOT,18,0,268,35,63,0.556,0,1,0.0,35,62,0.565,0.556,13,16,0.813,4,13,17,50,13,1,14,28,83
Harry Davis,SF,24,SAS,4,0,30,6,12,0.5,0,0,0.0,6,12,0.5,0.5,1,2,0.5,2,4,6,0,1,0,3,8,13
Johnny Davis,PG,24,IND,82,0,2912,496,1159,0.428,4,42,0.095,492,1117,0.44,0.43,304,352,0.8640000000000001,102,124,226,440,110,23,202,178,1300
Walter Davis,SF,25,PHO,75,0,2309,657,1166,0.563,0,4,0.0,657,1162,0.565,0.563,299,365,0.8190000000000001,75,197,272,337,114,19,242,202,1613
Darryl Dawkins,C,23,PHI,80,0,2541,494,946,0.522,0,6,0.0,494,940,0.526,0.522,190,291,0.653,197,496,693,149,49,142,230,328,1178
Paul Dawkins,SF,22,UTA,57,0,776,141,300,0.47,1,5,0.2,140,295,0.475,0.47200000000000003,33,48,0.688,42,83,125,77,33,9,76,112,316
Greg Deane,SG,22,UTA,7,0,48,2,11,0.182,1,1,1.0,1,10,0.1,0.22699999999999998,5,7,0.7140000000000001,2,4,6,6,0,0,3,3,10
Larry Demic,PF,22,NYK,82,0,1872,230,528,0.436,0,0,0.0,230,528,0.436,0.436,110,183,0.601,195,288,483,64,56,30,168,306,570
Coby Dietrick,C,31,CHI,79,0,1830,227,500,0.45399999999999996,1,9,0.111,226,491,0.46,0.455,90,118,0.763,101,262,363,216,89,51,112,230,545
Leon Douglas,C,25,DET,70,0,1782,221,455,0.486,0,1,0.0,221,454,0.48700000000000004,0.486,125,185,0.6759999999999999,171,330,501,121,30,62,127,249,567
John Drew,SF,25,ATL,80,0,2306,535,1182,0.45299999999999996,0,7,0.0,535,1175,0.455,0.45299999999999996,489,646,0.757,203,268,471,101,91,23,240,313,1559
Terry Duerod,SG,23,DET,67,0,1331,282,598,0.47200000000000003,15,53,0.28300000000000003,267,545,0.49,0.484,45,66,0.682,29,69,98,117,41,11,79,102,624
Mike Dunleavy,PG,25,HOU,51,0,1036,148,319,0.46399999999999997,3,20,0.15,145,299,0.485,0.469,111,134,0.828,26,74,100,210,40,4,110,120,410
T.R. Dunn,SG,24,POR,82,0,1841,240,551,0.436,0,3,0.0,240,548,0.43799999999999994,0.436,84,111,0.757,132,192,324,147,102,31,91,145,564
James Edwards,C,24,IND,82,0,2314,528,1032,0.512,0,1,0.0,528,1031,0.512,0.512,231,339,0.6809999999999999,179,399,578,127,55,104,131,324,1287
Bob Elliott,PF,24,NJN,54,0,722,101,228,0.44299999999999995,1,4,0.25,100,224,0.446,0.445,104,152,0.684,67,118,185,53,29,14,88,97,307
Bo Ellis,PF,25,DEN,48,0,502,61,136,0.449,0,3,0.0,61,133,0.45899999999999996,0.449,40,53,0.755,51,65,116,30,10,24,24,67,162
Len Elmore,C,27,KCK,58,0,915,104,242,0.43,0,0,0.0,104,242,0.43,0.43,51,74,0.6890000000000001,74,183,257,64,41,39,67,154,259
Alex English*,SF,26,TOT,78,0,2401,553,1113,0.49700000000000005,2,6,0.33299999999999996,551,1107,0.498,0.498,210,266,0.789,269,336,605,224,73,62,214,206,1318
Julius Erving*,SF,29,PHI,78,0,2812,838,1614,0.519,4,20,0.2,834,1594,0.523,0.52,420,534,0.787,215,361,576,355,170,140,284,208,2100
Earl Evans,PF,24,DET,36,0,381,63,140,0.45,7,18,0.389,56,122,0.45899999999999996,0.475,24,42,0.5710000000000001,26,49,75,37,14,1,36,64,157
Mike Evans,SG,24,SAS,79,0,1246,208,464,0.44799999999999995,12,42,0.28600000000000003,196,422,0.46399999999999997,0.461,58,85,0.682,29,78,107,230,60,9,128,194,486
Eric Fernsten,PF,26,BOS,56,0,431,71,153,0.46399999999999997,0,0,0.0,71,153,0.46399999999999997,0.46399999999999997,33,52,0.635,40,56,96,28,17,12,20,43,175
Chris Ford,SG,31,BOS,73,73,2115,330,709,0.465,70,164,0.42700000000000005,260,545,0.47700000000000004,0.515,86,114,0.754,77,104,181,215,111,27,105,178,816
Don Ford,SF,27,TOT,73,0,999,131,274,0.478,1,3,0.33299999999999996,130,271,0.48,0.48,45,53,0.8490000000000001,44,141,185,65,22,21,51,131,308
Phil Ford,PG,23,KCK,82,0,2621,489,1058,0.462,4,23,0.174,485,1035,0.469,0.46399999999999997,346,423,0.818,29,143,172,610,136,4,282,208,1328
Walt Frazier*,PG,34,CLE,3,0,27,4,11,0.364,0,1,0.0,4,10,0.4,0.364,2,2,1.0,1,2,3,8,2,1,4,2,10
World B. Free,SG,26,SDC,68,0,2585,737,1556,0.474,9,25,0.36,728,1531,0.47600000000000003,0.47700000000000004,572,760,0.753,129,109,238,283,81,32,228,195,2055
Terry Furlow,SG,25,TOT,76,0,2122,430,926,0.46399999999999997,24,82,0.293,406,844,0.48100000000000004,0.47700000000000004,171,196,0.872,70,124,194,293,73,23,163,98,1055
Mike Gale,PG,29,SAS,67,0,1474,171,377,0.45399999999999996,2,13,0.154,169,364,0.46399999999999997,0.456,97,120,0.8079999999999999,34,118,152,312,123,13,115,134,441
Gary Garland,PG,22,DEN,78,0,1106,155,356,0.435,6,19,0.316,149,337,0.442,0.444,18,26,0.6920000000000001,50,88,138,145,54,4,73,80,334
Gus Gerard,SF,26,KCK,73,0,869,159,348,0.457,1,3,0.33299999999999996,158,345,0.45799999999999996,0.45799999999999996,66,100,0.66,77,100,177,43,41,26,49,96,385
George Gervin*,SG,27,SAS,78,0,2934,1024,1940,0.528,32,102,0.314,992,1838,0.54,0.536,505,593,0.852,154,249,403,202,110,79,254,208,2585
John Gianelli,C,29,UTA,17,0,285,23,66,0.348,0,0,0.0,23,66,0.348,0.348,9,16,0.563,14,48,62,17,6,7,22,26,55
Artis Gilmore*,C,30,CHI,48,0,1568,305,513,0.595,0,0,0.0,305,513,0.595,0.595,245,344,0.7120000000000001,108,324,432,133,29,59,133,167,855
Jack Givens,SF,23,ATL,82,0,1254,182,473,0.385,0,2,0.0,182,471,0.386,0.385,106,128,0.828,114,128,242,59,51,19,59,132,470
Mike Glenn,SG,24,NYK,75,0,800,188,364,0.516,2,10,0.2,186,354,0.525,0.519,63,73,0.863,21,45,66,85,35,7,38,79,441
Glen Gondrezick,SF,24,DEN,59,0,1020,148,286,0.517,2,6,0.33299999999999996,146,280,0.521,0.521,92,121,0.76,107,152,259,81,68,16,58,119,390
Mike Green,C,28,KCK,21,0,459,69,159,0.434,0,2,0.0,69,157,0.439,0.434,24,42,0.5710000000000001,35,78,113,28,13,21,36,55,162
Dave Greenwood,PF,22,CHI,82,0,2791,498,1051,0.474,1,7,0.14300000000000002,497,1044,0.47600000000000003,0.474,337,416,0.81,223,550,773,182,60,129,210,313,1334
Kevin Grevey,SF,26,WSB,65,0,1818,331,804,0.41200000000000003,34,92,0.37,297,712,0.41700000000000004,0.433,216,249,0.867,80,107,187,177,56,16,102,158,912
Paul Griffin,C,26,SAS,82,0,1812,173,313,0.5529999999999999,0,0,0.0,173,313,0.5529999999999999,0.5529999999999999,174,240,0.725,154,284,438,250,81,53,131,306,520
Bob Gross,SF,26,POR,62,0,1581,221,472,0.46799999999999997,1,10,0.1,220,462,0.47600000000000003,0.469,95,114,0.833,84,165,249,228,60,47,166,179,538
Ernie Grunfeld,SF,24,KCK,80,0,1397,186,420,0.44299999999999995,1,2,0.5,185,418,0.44299999999999995,0.444,101,131,0.7709999999999999,87,145,232,109,56,9,81,151,474
Roy Hamilton,PG,22,DET,72,0,1116,115,287,0.401,0,2,0.0,115,285,0.40399999999999997,0.401,103,150,0.687,45,62,107,192,48,5,118,82,333
James Hardy,PF,23,UTA,76,0,1600,184,363,0.507,1,2,0.5,183,361,0.507,0.508,51,66,0.773,124,275,399,104,47,87,105,207,420
Joe Hassett,SG,24,IND,74,0,1135,215,509,0.42200000000000004,69,198,0.348,146,311,0.469,0.49,24,29,0.828,35,59,94,104,46,8,45,85,523
Steve Hawes,PF,29,ATL,82,0,1853,304,605,0.502,3,8,0.375,301,597,0.504,0.505,150,182,0.8240000000000001,148,348,496,144,74,29,121,205,761
Elvin Hayes*,PF,34,WSB,81,0,3183,761,1677,0.45399999999999996,3,13,0.231,758,1664,0.456,0.455,334,478,0.6990000000000001,269,627,896,129,62,189,215,309,1859
Spencer Haywood*,PF,30,LAL,76,0,1544,288,591,0.48700000000000004,1,4,0.25,287,587,0.489,0.488,159,206,0.772,132,214,346,93,35,57,134,197,736
Gar Heard,PF,31,PHO,82,0,1403,171,410,0.41700000000000004,0,2,0.0,171,408,0.419,0.41700000000000004,64,86,0.7440000000000001,118,262,380,97,84,49,88,177,406
Gerald Henderson,PG,24,BOS,76,2,1061,191,382,0.5,2,6,0.33299999999999996,189,376,0.503,0.503,89,129,0.69,37,46,83,147,45,15,109,96,473
Tom Henderson,PG,28,HOU,66,0,1551,154,323,0.47700000000000004,0,2,0.0,154,321,0.48,0.47700000000000004,56,77,0.727,34,77,111,274,55,4,102,107,364
Johnny High,PG,22,PHO,82,0,1121,144,323,0.446,1,7,0.14300000000000002,143,316,0.45299999999999996,0.447,120,178,0.674,69,104,173,119,71,15,123,172,409
Armond Hill,PG,26,ATL,79,0,2092,177,431,0.41100000000000003,1,4,0.25,176,427,0.41200000000000003,0.41200000000000003,124,146,0.8490000000000001,31,107,138,424,107,8,171,261,479
Darnell Hillman,PF,30,GSW,49,0,708,82,179,0.45799999999999996,0,0,0.0,82,179,0.45799999999999996,0.45799999999999996,34,68,0.5,59,121,180,47,21,24,59,128,198
Brad Holland,SG,23,LAL,38,0,197,44,104,0.423,3,15,0.2,41,89,0.461,0.43799999999999994,15,16,0.938,4,13,17,22,15,1,13,24,106
Lionel Hollins,SG-PG,26,TOT,47,0,1209,212,526,0.40299999999999997,3,20,0.15,209,506,0.413,0.406,101,140,0.721,29,60,89,162,76,10,128,103,528
Phil Hubbard,PF,23,DET,64,0,1189,210,451,0.466,0,2,0.0,210,449,0.46799999999999997,0.466,165,220,0.75,114,206,320,70,48,10,120,202,585
Kim Hughes,C,27,DEN,70,0,1208,102,202,0.505,0,0,0.0,102,202,0.505,0.505,15,41,0.366,125,201,326,74,66,77,50,184,219
Geoff Huston,PG,22,NYK,71,0,923,94,241,0.39,3,17,0.17600000000000002,91,224,0.406,0.396,28,38,0.737,14,44,58,159,39,5,73,83,219
Dan Issel*,C,31,DEN,82,0,2938,715,1416,0.505,4,12,0.33299999999999996,711,1404,0.506,0.506,517,667,0.775,236,483,719,198,88,54,163,190,1951
Phil Jackson*,PF,34,NJN,16,0,194,29,46,0.63,0,2,0.0,29,44,0.659,0.63,7,10,0.7,12,12,24,12,5,4,9,35,65
Abdul Jeelani,SF,25,POR,77,0,1286,288,565,0.51,0,6,0.0,288,559,0.515,0.51,161,204,0.789,114,156,270,95,40,40,117,155,737
Cheese Johnson,SF,22,GSW,9,0,53,12,30,0.4,0,0,0.0,12,30,0.4,0.4,3,5,0.6,6,8,14,2,1,0,4,11,27
Clemon Johnson,C,23,IND,79,0,1541,199,396,0.503,0,0,0.0,199,396,0.503,0.503,74,117,0.632,145,249,394,115,48,121,78,211,472
Dennis Johnson*,SG,25,SEA,81,0,2937,574,1361,0.42200000000000004,12,58,0.207,562,1303,0.431,0.426,380,487,0.78,173,241,414,332,144,82,227,267,1540
Eddie Johnson,SG,24,ATL,79,0,2622,590,1212,0.48700000000000004,5,13,0.385,585,1199,0.488,0.489,280,338,0.828,95,105,200,370,120,24,189,216,1465
George Johnson,C,31,NJN,81,0,2119,248,543,0.457,0,1,0.0,248,542,0.45799999999999996,0.457,89,126,0.706,192,410,602,173,53,258,199,312,585
George Johnson,PF,23,DEN,75,0,1938,309,649,0.47600000000000003,2,9,0.222,307,640,0.48,0.478,148,189,0.7829999999999999,190,394,584,157,84,67,148,260,768
John Johnson,SF,32,SEA,81,0,2533,377,772,0.488,0,0,0.0,377,772,0.488,0.488,161,201,0.8009999999999999,163,263,426,424,76,35,247,213,915
Magic Johnson*,SG,20,LAL,77,0,2795,503,949,0.53,7,31,0.226,496,918,0.54,0.534,374,462,0.81,166,430,596,563,187,41,305,218,1387
Marques Johnson,SF,23,MIL,77,0,2686,689,1267,0.544,2,9,0.222,687,1258,0.546,0.545,291,368,0.7909999999999999,217,349,566,273,100,70,185,173,1671
Mickey Johnson,PF,27,IND,82,0,2647,588,1271,0.46299999999999997,5,32,0.156,583,1239,0.47100000000000003,0.465,385,482,0.799,258,423,681,344,153,112,286,291,1566
Ollie Johnson,SF,30,CHI,79,0,1535,262,527,0.49700000000000005,1,11,0.091,261,516,0.506,0.498,82,93,0.882,50,113,163,161,59,24,96,165,607
Vinnie Johnson,SG,23,SEA,38,0,325,45,115,0.391,0,1,0.0,45,114,0.395,0.391,31,39,0.795,19,36,55,54,19,4,42,40,121
Bobby Jones*,PF,28,PHI,81,0,2125,398,748,0.532,0,3,0.0,398,745,0.534,0.532,257,329,0.7809999999999999,152,298,450,146,102,118,146,223,1053
Caldwell Jones,C,29,PHI,80,0,2771,232,532,0.436,0,2,0.0,232,530,0.43799999999999994,0.436,124,178,0.6970000000000001,219,731,950,164,43,162,218,298,588
Dwight Jones,PF,27,TOT,74,0,1448,257,506,0.508,0,0,0.0,257,506,0.508,0.508,146,201,0.726,114,254,368,101,28,42,122,207,660
Major Jones,PF,26,HOU,82,0,1545,188,392,0.48,1,3,0.33299999999999996,187,389,0.48100000000000004,0.48100000000000004,61,108,0.565,147,234,381,67,50,67,112,186,438
Eddie Jordan,PG,25,NJN,82,0,2657,437,1017,0.43,12,48,0.25,425,969,0.439,0.436,201,258,0.779,62,208,270,557,223,27,258,238,1087
Jeff Judkins,SF,23,BOS,65,0,674,139,276,0.504,11,27,0.40700000000000003,128,249,0.514,0.524,62,76,0.816,32,34,66,47,29,5,49,91,351
Rich Kelley,C,26,TOT,80,0,1839,229,484,0.473,0,3,0.0,229,481,0.47600000000000003,0.473,244,310,0.787,200,315,515,178,78,96,198,273,702
Greg Kelser,SF,22,DET,50,0,1233,280,593,0.47200000000000003,3,15,0.2,277,578,0.479,0.475,146,203,0.7190000000000001,124,152,276,108,60,34,140,176,709
Larry Kenon,PF,27,SAS,78,0,2798,647,1333,0.485,1,9,0.111,646,1324,0.488,0.486,270,345,0.7829999999999999,258,517,775,231,111,18,232,192,1565
Irv Kiffin,SF,28,SAS,26,0,212,32,96,0.33299999999999996,0,0,0.0,32,96,0.33299999999999996,0.33299999999999996,18,25,0.72,12,28,40,19,10,2,30,43,82
Carl Kilpatrick,C,23,UTA,2,0,6,1,2,0.5,0,0,0.0,1,2,0.5,0.5,1,2,0.5,1,3,4,0,0,0,0,1,3
Bernard King*,SF,23,UTA,19,0,419,71,137,0.518,0,0,0.0,71,137,0.518,0.518,34,63,0.54,24,64,88,52,7,4,50,66,176
Reggie King,PF,22,KCK,82,0,2052,257,499,0.515,0,1,0.0,257,498,0.516,0.515,159,219,0.726,184,382,566,106,69,31,100,230,673
Billy Knight,SF,27,IND,75,0,1910,385,722,0.5329999999999999,4,15,0.267,381,707,0.539,0.536,212,262,0.809,136,225,361,155,82,9,132,96,986
Toby Knight,SF,24,NYK,81,0,2945,669,1265,0.529,0,2,0.0,669,1263,0.53,0.529,211,261,0.8079999999999999,201,292,493,150,117,86,163,302,1549
Arvid Kramer,C,23,DEN,8,0,45,7,22,0.318,0,0,0.0,7,22,0.318,0.318,2,2,1.0,6,6,12,3,0,5,5,8,16
Joel Kramer,C,24,PHO,54,0,711,67,143,0.469,0,1,0.0,67,142,0.47200000000000003,0.469,56,70,0.8,49,102,151,75,26,5,51,104,190
John Kuester,PG,24,IND,24,0,100,12,34,0.353,0,1,0.0,12,33,0.364,0.353,5,7,0.7140000000000001,3,11,14,16,7,1,5,8,29
Kevin Kunnert,C,28,POR,18,0,302,50,114,0.439,0,0,0.0,50,114,0.439,0.439,26,43,0.605,37,75,112,29,7,22,41,59,126
Mitch Kupchak,PF,25,WSB,40,0,451,67,160,0.419,0,2,0.0,67,158,0.424,0.419,52,75,0.693,32,73,105,16,8,8,40,49,186
Sam Lacey,C,31,KCK,81,0,2412,303,677,0.44799999999999995,0,1,0.0,303,676,0.44799999999999995,0.44799999999999995,137,185,0.741,172,473,645,460,111,109,211,307,743
Tom LaGarde,C,24,SEA,82,0,1164,146,306,0.47700000000000004,0,0,0.0,146,306,0.47700000000000004,0.47700000000000004,90,137,0.657,127,185,312,91,19,34,97,206,382
John Lambert,PF,27,CLE,74,0,1324,165,400,0.413,0,3,0.0,165,397,0.41600000000000004,0.413,73,101,0.723,138,214,352,56,47,42,64,203,403
Mark Landsberger,C,24,TOT,77,0,1510,249,483,0.516,0,0,0.0,249,483,0.516,0.516,116,222,0.523,226,387,613,46,33,22,100,140,614
Bob Lanier*,C,31,TOT,63,0,2131,466,867,0.537,1,6,0.16699999999999998,465,861,0.54,0.5379999999999999,277,354,0.782,152,400,552,184,74,89,162,200,1210
Allen Leavell,PG,22,HOU,77,0,2123,330,656,0.503,3,19,0.158,327,637,0.513,0.505,180,221,0.8140000000000001,57,127,184,417,127,28,205,197,843
Butch Lee,PG,23,TOT,14,0,55,6,24,0.25,0,0,0.0,6,24,0.25,0.25,6,8,0.75,7,4,11,12,1,0,10,2,18
Ron Lee,PG,27,TOT,61,0,1167,113,305,0.37,22,59,0.373,91,246,0.37,0.40700000000000003,44,70,0.629,40,83,123,241,99,17,101,172,292
John Long,SG,23,DET,69,0,2364,588,1164,0.505,1,12,0.083,587,1152,0.51,0.506,160,194,0.825,152,185,337,206,129,26,206,221,1337
John Lucas,PG,26,GSW,80,0,2763,388,830,0.467,12,42,0.28600000000000003,376,788,0.47700000000000004,0.475,222,289,0.768,61,159,220,602,138,3,184,196,1010
Maurice Lucas,PF,27,TOT,63,0,1884,371,813,0.456,2,9,0.222,369,804,0.45899999999999996,0.45799999999999996,179,239,0.7490000000000001,143,394,537,208,42,62,218,223,923
Ollie Mack,SG,22,TOT,50,0,681,98,199,0.49200000000000005,0,5,0.0,98,194,0.505,0.49200000000000005,38,51,0.745,32,39,71,53,24,3,35,50,234
Moses Malone*,C,24,HOU,82,0,3140,778,1549,0.502,0,6,0.0,778,1543,0.504,0.502,563,783,0.7190000000000001,573,617,1190,147,80,107,300,210,2119
Steve Malovic,PF,23,TOT,39,0,445,31,67,0.46299999999999997,0,0,0.0,31,67,0.46299999999999997,0.46299999999999997,18,27,0.667,36,50,86,26,8,6,23,51,80
Pete Maravich*,SG,32,TOT,43,4,964,244,543,0.449,10,15,0.667,234,528,0.44299999999999995,0.45899999999999996,91,105,0.867,17,61,78,83,24,6,82,79,589
Cedric Maxwell,SF,24,BOS,80,80,2744,457,750,0.609,0,0,0.0,457,750,0.609,0.609,436,554,0.787,284,420,704,199,76,61,230,266,1350
Scott May,SF,25,CHI,54,0,1298,264,587,0.45,0,4,0.0,264,583,0.45299999999999996,0.45,144,172,0.8370000000000001,78,140,218,104,45,5,77,126,672
Bob McAdoo*,PF,28,DET,58,0,2097,492,1025,0.48,3,24,0.125,489,1001,0.489,0.48100000000000004,235,322,0.73,100,367,467,200,73,65,238,178,1222
Jim McElroy,PG,26,TOT,67,0,1528,228,527,0.433,5,21,0.23800000000000002,223,506,0.441,0.43700000000000006,132,172,0.767,32,67,99,227,46,19,131,123,593
George McGinnis*,PF,29,TOT,73,0,2208,400,886,0.451,2,15,0.133,398,871,0.457,0.45299999999999996,270,488,0.5529999999999999,222,477,699,333,101,23,281,303,1072
Billy McKinney,PG,24,KCK,76,0,1333,206,459,0.449,1,10,0.1,205,449,0.457,0.45,107,133,0.805,20,66,86,248,58,5,89,87,520
Tom McMillen,C,27,ATL,53,0,1071,191,382,0.5,0,1,0.0,191,381,0.501,0.5,81,107,0.757,70,150,220,62,36,14,64,126,463
John Mengelt,SG,30,CHI,36,0,387,90,166,0.542,0,6,0.0,90,160,0.563,0.542,39,49,0.7959999999999999,3,20,23,38,10,0,36,54,219
Joe Meriweather,PF,26,NYK,65,0,1565,252,477,0.528,0,1,0.0,252,476,0.529,0.528,78,121,0.645,122,228,350,66,37,120,112,239,582
Dave Meyers,PF,26,MIL,79,0,2204,399,830,0.48100000000000004,1,5,0.2,398,825,0.48200000000000004,0.48100000000000004,156,246,0.634,140,308,448,225,72,40,182,218,955
Mike Mitchell,SF,24,CLE,82,0,2802,775,1482,0.523,0,6,0.0,775,1476,0.525,0.523,270,343,0.787,206,385,591,93,70,77,172,259,1820
Steve Mix,SF,32,PHI,81,0,1543,363,703,0.516,4,10,0.4,359,693,0.518,0.519,207,249,0.831,114,176,290,149,67,9,132,114,937
Paul Mokeski,C,23,HOU,12,0,113,11,33,0.33299999999999996,0,0,0.0,11,33,0.33299999999999996,0.33299999999999996,7,9,0.778,14,15,29,2,1,6,10,24,29
Sidney Moncrief*,SG,22,MIL,77,0,1557,211,451,0.46799999999999997,0,1,0.0,211,450,0.469,0.46799999999999997,232,292,0.795,154,184,338,133,72,16,117,106,654
Eric Money,SG-PG,24,TOT,61,0,1549,273,546,0.5,0,0,0.0,273,546,0.5,0.5,83,106,0.7829999999999999,31,73,104,254,53,11,155,146,629
Earl Monroe*,SG,35,NYK,51,0,633,161,352,0.457,0,0,0.0,161,352,0.457,0.457,56,64,0.875,16,20,36,67,21,3,28,46,378
Calvin Murphy*,SG,31,HOU,76,0,2676,624,1267,0.493,1,25,0.04,623,1242,0.502,0.493,271,302,0.897,68,82,150,299,143,9,162,269,1520
Swen Nater,C,30,SDC,81,0,2860,443,799,0.5539999999999999,0,2,0.0,443,797,0.556,0.5539999999999999,196,273,0.718,352,864,1216,233,45,37,257,259,1082
Calvin Natt,SF,23,TOT,78,0,2857,622,1298,0.479,3,9,0.33299999999999996,619,1289,0.48,0.48,306,419,0.73,239,452,691,169,102,34,198,205,1553
Mike Newlin,SG,31,NJN,78,0,2510,611,1329,0.46,45,152,0.29600000000000004,566,1177,0.48100000000000004,0.47700000000000004,367,415,0.884,101,163,264,314,115,4,231,195,1634
Norm Nixon,PG,24,LAL,82,0,3226,624,1209,0.516,1,8,0.125,623,1201,0.519,0.517,197,253,0.779,52,177,229,642,147,14,288,241,1446
Sylvester Norris,C,22,SAS,17,0,189,18,43,0.419,0,0,0.0,18,43,0.419,0.419,4,6,0.667,10,33,43,6,3,12,19,41,40
Mark Olberding,SF,23,SAS,75,0,2111,291,609,0.478,0,3,0.0,291,606,0.48,0.478,210,264,0.795,83,335,418,327,67,22,180,274,792
John Olive,SF,24,SDC,1,0,15,0,2,0.0,0,0,0.0,0,2,0.0,0.0,0,0,0.0,0,1,1,0,0,0,2,2,0
Tom Owens,C,30,POR,76,0,2337,518,1008,0.514,1,2,0.5,517,1006,0.514,0.514,213,283,0.753,189,384,573,194,45,53,174,270,1250
Robert Parish*,C,26,GSW,72,0,2119,510,1006,0.507,0,1,0.0,510,1005,0.507,0.507,203,284,0.715,247,536,783,122,58,115,225,248,1223
Sonny Parker,SF,24,GSW,82,0,2849,483,988,0.489,0,2,0.0,483,986,0.49,0.489,237,302,0.785,166,298,464,254,173,32,163,195,1203
Billy Paultz,C,31,TOT,84,0,2193,327,673,0.486,0,1,0.0,327,672,0.48700000000000004,0.486,109,182,0.599,187,399,586,188,69,84,115,213,763
Jim Paxson,SG,22,POR,72,0,1270,189,460,0.41100000000000003,1,22,0.045,188,438,0.429,0.41200000000000003,64,90,0.711,25,84,109,144,48,5,93,97,443
Wiley Peck,SF,22,SAS,52,0,628,73,169,0.43200000000000005,0,2,0.0,73,167,0.43700000000000006,0.43200000000000005,34,55,0.618,66,117,183,33,17,23,48,100,180
Sam Pellom,PF,28,ATL,44,0,373,44,108,0.40700000000000003,0,0,0.0,44,108,0.40700000000000003,0.40700000000000003,21,30,0.7,28,64,92,18,12,12,18,70,109
Roger Phegley,SG,23,TOT,78,0,1512,350,733,0.47700000000000004,4,9,0.444,346,724,0.478,0.48,177,203,0.872,75,110,185,102,34,7,119,158,881
Stan Pietkiewicz,PG,23,SDC,50,0,577,91,179,0.508,9,36,0.25,82,143,0.573,0.534,37,46,0.804,26,19,45,94,25,4,51,52,228
Ben Poquette,C,24,UTA,82,0,2349,296,566,0.523,0,2,0.0,296,564,0.525,0.523,139,167,0.8320000000000001,124,436,560,131,45,162,103,283,731
Kevin Porter,PG,29,WSB,70,0,1494,201,438,0.45899999999999996,0,4,0.0,201,434,0.46299999999999997,0.45899999999999996,110,137,0.8029999999999999,25,57,82,457,59,11,164,180,512
Clifford Ray,C,31,GSW,81,0,1683,203,383,0.53,0,2,0.0,203,381,0.5329999999999999,0.53,84,149,0.564,122,344,466,183,51,32,155,266,490
Marlon Redmond,SG,24,KCK,24,0,298,59,138,0.428,0,9,0.0,59,129,0.457,0.428,24,34,0.706,18,34,52,19,4,9,19,27,142
Robert Reid,SF,24,HOU,76,0,2304,419,861,0.48700000000000004,0,3,0.0,419,858,0.488,0.48700000000000004,153,208,0.736,140,301,441,244,132,57,164,281,991
Kevin Restani,SF,28,SAS,82,0,1966,369,727,0.508,5,29,0.172,364,698,0.521,0.511,131,161,0.8140000000000001,142,244,386,189,54,12,129,186,874
Clint Richardson,SG,23,PHI,52,0,988,159,348,0.457,1,3,0.33299999999999996,158,345,0.45799999999999996,0.45799999999999996,28,45,0.622,55,68,123,107,24,15,64,97,347
Micheal Ray Richardson,SG,24,NYK,82,0,3060,502,1063,0.47200000000000003,27,110,0.245,475,953,0.498,0.485,223,338,0.66,151,388,539,832,265,35,359,260,1254
Anthony Roberts,SF,24,DEN,23,0,486,69,181,0.381,0,1,0.0,69,180,0.38299999999999995,0.381,39,60,0.65,54,55,109,20,13,3,28,52,177
Rick Robey,C,24,BOS,82,27,1918,379,727,0.521,0,1,0.0,379,726,0.522,0.521,184,269,0.684,209,321,530,92,53,15,151,244,942
Cliff Robinson,PF,19,NJN,70,0,1661,391,833,0.469,1,4,0.25,390,829,0.47,0.47,168,242,0.6940000000000001,174,332,506,98,61,34,137,178,951
Jackie Robinson,SF,24,DET,7,0,51,9,17,0.529,0,1,0.0,9,16,0.563,0.529,9,11,0.818,3,2,5,0,3,3,2,8,27
Truck Robinson,PF,28,PHO,82,0,2710,545,1064,0.512,0,0,0.0,545,1064,0.512,0.512,325,487,0.667,213,557,770,142,58,59,251,262,1415
Bill Robinzine,PF,27,KCK,81,0,1917,362,723,0.501,1,2,0.5,361,721,0.501,0.501,200,274,0.73,184,342,526,62,106,23,148,311,925
Dave Robisch,C,30,CLE,82,0,2670,489,940,0.52,0,3,0.0,489,937,0.522,0.52,277,329,0.8420000000000001,225,433,658,192,53,53,138,211,1255
John Roche,PG,30,DEN,82,0,2286,354,741,0.478,49,129,0.38,305,612,0.498,0.511,175,202,0.866,24,91,115,405,82,12,159,139,932
Tree Rollins,C,24,ATL,82,0,2123,287,514,0.5579999999999999,0,0,0.0,287,514,0.5579999999999999,0.5579999999999999,157,220,0.7140000000000001,283,491,774,76,54,244,99,322,731
Dan Roundfield,PF,26,ATL,81,0,2588,502,1007,0.499,0,4,0.0,502,1003,0.5,0.499,330,465,0.71,293,544,837,184,101,139,233,317,1334
Campy Russell,SF,28,CLE,41,0,1331,284,630,0.451,1,9,0.111,283,621,0.456,0.452,178,239,0.745,76,149,225,173,72,20,148,113,747
Alvin Scott,SF,24,PHO,79,0,1303,127,301,0.42200000000000004,1,3,0.33299999999999996,126,298,0.423,0.424,95,122,0.779,89,139,228,98,47,53,92,101,350
Charlie Scott*,SG,31,DEN,69,0,1860,276,688,0.401,2,11,0.182,274,677,0.405,0.40299999999999997,85,118,0.72,51,115,166,250,47,23,163,197,639
Lonnie Shelton,PF,24,SEA,76,0,2243,425,802,0.53,1,5,0.2,424,797,0.532,0.531,184,241,0.763,199,383,582,145,92,79,169,292,1035
Purvis Short,SF,22,GSW,62,0,1636,461,916,0.503,0,6,0.0,461,910,0.507,0.503,134,165,0.812,119,197,316,123,63,9,122,186,1056
John Shumate,PF,27,TOT,65,0,1337,207,392,0.528,0,1,0.0,207,391,0.529,0.528,165,216,0.764,108,255,363,84,40,45,91,126,579
Jack Sikma*,C,24,SEA,82,0,2793,470,989,0.475,0,1,0.0,470,988,0.47600000000000003,0.475,235,292,0.805,198,710,908,279,68,77,202,232,1175
James Silas,PG,30,SAS,77,0,2293,513,999,0.514,0,4,0.0,513,995,0.516,0.514,339,382,0.887,45,122,167,347,61,14,192,206,1365
Paul Silas,PF,36,SEA,82,0,1595,113,299,0.37799999999999995,0,0,0.0,113,299,0.37799999999999995,0.37799999999999995,89,136,0.654,204,232,436,66,25,5,83,120,315
Ralph Simpson,SG,30,NJN,8,0,81,18,47,0.38299999999999995,0,2,0.0,18,45,0.4,0.38299999999999995,5,10,0.5,6,5,11,14,9,0,12,3,41
Al Skinner,SG,27,PHI,2,0,10,1,2,0.5,0,0,0.0,1,2,0.5,0.5,0,0,0.0,0,0,0,2,0,0,2,1,2
Bingo Smith,SF-SG,33,TOT,78,0,2123,385,891,0.43200000000000005,23,81,0.284,362,810,0.447,0.445,100,115,0.87,94,165,259,100,62,17,81,209,893
Phil Smith,SG,27,GSW,51,0,1552,325,685,0.474,7,22,0.318,318,663,0.48,0.48,135,171,0.789,28,118,146,187,62,15,121,154,792
Randy Smith,SG,31,CLE,82,0,2677,599,1326,0.452,10,53,0.18899999999999997,589,1273,0.46299999999999997,0.456,233,283,0.823,93,163,256,363,125,7,200,190,1441
Robert Smith,PG,24,TOT,65,0,809,118,269,0.439,8,26,0.308,110,243,0.45299999999999996,0.45399999999999996,80,92,0.87,20,59,79,92,26,4,53,105,324
Sam Smith,SF,25,CHI,30,0,496,97,230,0.42200000000000004,8,35,0.22899999999999998,89,195,0.456,0.439,57,63,0.905,22,32,54,42,25,7,33,54,259
Willie Smith,PG,26,CLE,62,0,1051,121,315,0.384,17,71,0.239,104,244,0.426,0.41100000000000003,40,52,0.769,56,65,121,259,75,1,95,110,299
Ricky Sobers,PG,27,CHI,82,0,2673,470,1002,0.469,21,68,0.309,449,934,0.48100000000000004,0.48,200,239,0.8370000000000001,75,167,242,426,136,17,282,294,1161
Jim Spanarkel,SG,22,PHI,40,0,442,72,153,0.47100000000000003,0,2,0.0,72,151,0.47700000000000004,0.47100000000000003,54,65,0.831,27,27,54,51,12,6,57,58,198
Larry Steele,SF,30,POR,16,0,446,62,146,0.425,0,4,0.0,62,142,0.43700000000000006,0.425,22,27,0.815,13,32,45,67,25,1,33,53,146
Earl Tatum,SG,26,CLE,33,0,225,36,94,0.38299999999999995,2,6,0.33299999999999996,34,88,0.386,0.39399999999999996,11,19,0.579,11,15,26,20,16,5,17,29,85
Brian Taylor,PG,28,SDC,78,0,2754,418,895,0.467,90,239,0.377,328,656,0.5,0.517,130,162,0.802,76,112,188,335,147,25,141,246,1056
Reggie Theus,SG,22,CHI,82,0,3029,566,1172,0.483,28,105,0.267,538,1067,0.504,0.495,500,597,0.838,143,186,329,515,114,20,348,262,1660
David Thompson*,SG,25,DEN,39,0,1239,289,617,0.46799999999999997,7,19,0.368,282,598,0.47200000000000003,0.474,254,335,0.758,56,118,174,124,39,38,116,106,839
Rudy Tomjanovich,PF,31,HOU,62,0,1834,370,778,0.47600000000000003,22,79,0.278,348,699,0.498,0.49,118,147,0.8029999999999999,132,226,358,109,32,10,98,161,880
Bernard Toone,PF,23,PHI,23,0,124,23,64,0.359,1,7,0.14300000000000002,22,57,0.386,0.36700000000000005,8,10,0.8,12,22,34,12,4,5,16,20,55
Raymond Townsend,SG,24,GSW,75,0,1159,171,421,0.406,4,26,0.154,167,395,0.423,0.41100000000000003,60,84,0.7140000000000001,33,56,89,116,60,4,65,113,406
Dave Twardzik,PG,29,POR,67,0,1594,183,394,0.46399999999999997,4,7,0.5710000000000001,179,387,0.46299999999999997,0.47,197,252,0.782,52,104,156,273,77,1,131,149,567
Terry Tyler,SF,23,DET,82,0,2670,430,925,0.465,2,12,0.16699999999999998,428,913,0.469,0.466,143,187,0.765,228,399,627,129,107,220,175,237,1005
Wes Unseld*,C,33,WSB,82,0,2973,327,637,0.513,1,2,0.5,326,635,0.513,0.514,139,209,0.665,334,760,1094,366,65,61,153,249,794
Jan van Breda Kolff,SF,28,NJN,82,0,2399,212,458,0.46299999999999997,7,20,0.35,205,438,0.46799999999999997,0.47100000000000003,130,155,0.8390000000000001,103,326,429,247,100,76,158,307,561
Andre Wakefield,SG,25,UTA,8,0,47,6,15,0.4,0,0,0.0,6,15,0.4,0.4,3,3,1.0,0,4,4,3,1,0,8,13,15
Foots Walker,PG,28,CLE,76,0,2422,258,568,0.45399999999999996,1,9,0.111,257,559,0.46,0.455,195,243,0.802,78,209,287,607,155,12,157,202,712
Wally Walker,SF,25,SEA,70,0,844,139,274,0.507,0,0,0.0,139,274,0.507,0.507,48,64,0.75,64,106,170,53,21,4,50,102,326
Bill Walton*,C,27,SDC,14,0,337,81,161,0.503,0,0,0.0,81,161,0.503,0.503,32,54,0.593,28,98,126,34,8,38,37,37,194
Lloyd Walton,PG,26,MIL,76,0,1243,110,242,0.455,1,3,0.33299999999999996,109,239,0.456,0.457,49,71,0.69,33,58,91,285,43,2,112,68,270
Kermit Washington,PF,28,POR,80,0,2657,421,761,0.5529999999999999,0,3,0.0,421,758,0.555,0.5529999999999999,231,360,0.642,325,517,842,167,73,131,170,307,1073
Richard Washington,PF,24,MIL,75,0,1092,197,421,0.46799999999999997,0,0,0.0,197,421,0.46799999999999997,0.46799999999999997,46,76,0.605,95,181,276,55,26,48,63,166,440
Nick Weatherspoon,SF,29,SDC,57,0,1124,164,378,0.434,0,0,0.0,164,378,0.434,0.434,63,91,0.6920000000000001,83,125,208,54,34,17,86,136,391
Marvin Webster,C,27,NYK,20,0,298,38,79,0.48100000000000004,0,0,0.0,38,79,0.48100000000000004,0.48100000000000004,12,16,0.75,28,52,80,9,3,11,20,39,88
Scott Wedman,SF,27,KCK,68,0,2347,569,1112,0.512,7,22,0.318,562,1090,0.516,0.515,145,181,0.8009999999999999,114,272,386,145,84,45,112,230,1290
Paul Westphal*,SG,29,PHO,82,0,2665,692,1317,0.525,26,93,0.28,666,1224,0.544,0.535,382,443,0.862,46,141,187,416,119,35,207,162,1792
Jo Jo White*,PG,33,GSW,78,0,2052,336,706,0.47600000000000003,1,6,0.16699999999999998,335,700,0.479,0.47700000000000004,97,114,0.851,42,139,181,239,88,13,157,186,770
Rudy White,SG,26,HOU,9,0,106,13,24,0.542,0,0,0.0,13,24,0.542,0.542,10,13,0.769,0,9,9,5,5,0,8,8,36
Jerome Whitehead,C,23,TOT,50,0,553,58,114,0.509,0,0,0.0,58,114,0.509,0.509,10,35,0.28600000000000003,56,111,167,24,8,17,36,97,126
Sidney Wicks,PF,30,SDC,71,0,2146,210,496,0.423,0,1,0.0,210,495,0.424,0.423,83,152,0.546,138,271,409,213,76,52,167,241,503
Bob Wilkerson,SF,25,DEN,75,0,2381,430,1030,0.41700000000000004,7,34,0.20600000000000002,423,996,0.425,0.42100000000000004,166,222,0.748,85,231,316,243,93,27,193,194,1033
Jamaal Wilkes*,SF,26,LAL,82,0,3111,726,1358,0.535,3,17,0.17600000000000002,723,1341,0.539,0.536,189,234,0.8079999999999999,176,349,525,250,129,28,157,220,1644
Duck Williams,PG,23,UTA,77,0,1794,232,519,0.447,0,12,0.0,232,507,0.45799999999999996,0.447,42,60,0.7,21,85,106,183,100,11,107,166,506
Freeman Williams,SG,23,SDC,82,0,2118,645,1343,0.48,42,128,0.32799999999999996,603,1215,0.496,0.496,194,238,0.815,103,89,192,166,72,9,171,145,1526
Gus Williams,PG,26,SEA,82,0,2969,739,1533,0.48200000000000004,7,36,0.19399999999999998,732,1497,0.489,0.484,331,420,0.7879999999999999,127,148,275,397,200,37,181,160,1816
Ray Williams,PG,25,NYK,82,0,2582,687,1384,0.496,7,37,0.18899999999999997,680,1347,0.505,0.499,333,423,0.787,149,263,412,512,167,24,256,295,1714
Sly Williams,SF,22,NYK,57,0,556,104,267,0.39,0,4,0.0,104,263,0.395,0.39,58,90,0.644,65,56,121,36,19,8,49,73,266
John Williamson,SG,28,TOT,58,0,1374,359,817,0.439,11,35,0.314,348,782,0.445,0.446,116,138,0.841,38,61,99,126,36,19,92,137,845
Bill Willoughby,SF,22,CLE,78,0,1447,219,457,0.479,1,9,0.111,218,448,0.48700000000000004,0.48,96,127,0.7559999999999999,122,207,329,72,32,62,68,189,535
Bubba Wilson,SG,24,GSW,16,0,143,7,25,0.28,0,0,0.0,7,25,0.28,0.28,3,6,0.5,6,10,16,12,2,0,8,11,17
Rick Wilson,SG,23,ATL,5,0,59,2,14,0.14300000000000002,0,0,0.0,2,14,0.14300000000000002,0.14300000000000002,4,6,0.667,2,1,3,11,4,1,8,3,8
Brian Winters,SG,27,MIL,80,0,2623,535,1116,0.479,38,102,0.373,497,1014,0.49,0.496,184,214,0.86,48,175,223,362,101,28,186,208,1292
Larry Wright,PG,25,WSB,76,0,1286,229,500,0.45799999999999996,4,16,0.25,225,484,0.465,0.462,96,108,0.889,40,82,122,222,49,18,108,144,558
Tony Zeno,SF,22,IND,8,0,59,6,21,0.28600000000000003,0,0,0.0,6,21,0.28600000000000003,0.28600000000000003,2,2,1.0,3,11,14,1,4,3,9,13,14
