Player,Pos,Age,Tm,G,GS,MP,FG,FGA,FG%,3P,3PA,3P%,2P,2PA,2P%,eFG%,FT,FTA,FT%,ORB,DRB,TRB,AST,STL,BLK,TOV,PF,PTS
Kareem Abdul-Jabbar*,C,35,LAL,79,79,2554,722,1228,0.588,0,2,0.0,722,1226,0.589,0.588,278,371,0.7490000000000001,167,425,592,200,61,170,200,220,1722
Alvan Adams,C,28,PHO,80,75,2447,477,981,0.486,1,3,0.33299999999999996,476,978,0.48700000000000004,0.48700000000000004,180,217,0.8290000000000001,161,387,548,376,114,74,242,287,1135
Mark Aguirre,SF,23,DAL,81,75,2784,767,1589,0.483,16,76,0.21100000000000002,751,1513,0.496,0.488,429,589,0.728,191,317,508,332,80,26,261,247,1979
Danny Ainge,SG,23,BOS,80,76,2048,357,720,0.496,5,29,0.172,352,691,0.509,0.499,72,97,0.742,83,131,214,251,109,6,98,259,791
Dwight Anderson,PG,22,DEN,5,0,33,7,14,0.5,0,0,0.0,7,14,0.5,0.5,7,10,0.7,0,2,2,3,1,0,5,7,21
J.J. Anderson,SF,22,TOT,65,2,1202,190,379,0.501,0,4,0.0,190,375,0.507,0.501,100,175,0.5710000000000001,119,175,294,67,63,21,79,153,480
Richard Anderson,C,22,SDC,78,5,1274,174,431,0.40399999999999997,7,19,0.368,167,412,0.405,0.41200000000000003,48,69,0.696,111,161,272,120,57,26,93,170,403
Tiny Archibald*,PG,34,BOS,66,19,1811,235,553,0.425,5,24,0.20800000000000002,230,529,0.435,0.429,220,296,0.743,25,66,91,409,38,4,163,110,695
John Bagley,PG,22,CLE,68,3,990,161,373,0.43200000000000005,0,14,0.0,161,359,0.44799999999999995,0.43200000000000005,64,84,0.762,17,79,96,167,54,5,118,74,386
James Bailey,PF,25,TOT,75,39,1765,385,774,0.49700000000000005,0,1,0.0,385,773,0.498,0.49700000000000005,226,322,0.7020000000000001,171,303,474,67,43,60,196,271,996
Greg Ballard,SF,28,WSB,78,78,2840,603,1274,0.473,13,37,0.35100000000000003,590,1237,0.47700000000000004,0.478,182,233,0.7809999999999999,123,385,508,262,135,25,157,176,1401
Gene Banks,PF,23,SAS,81,81,2722,505,919,0.55,0,5,0.0,505,914,0.5529999999999999,0.55,196,278,0.705,222,390,612,279,78,21,171,229,1206
Billy Ray Bates,SG,26,TOT,19,3,304,55,145,0.379,2,5,0.4,53,140,0.379,0.386,11,22,0.5,11,8,19,14,14,3,12,19,123
Dave Batton,C,26,WSB,54,5,558,85,191,0.445,0,3,0.0,85,188,0.452,0.445,8,17,0.47100000000000003,45,74,119,29,15,13,28,56,178
Kent Benson,C,28,DET,21,15,599,85,182,0.467,0,1,0.0,85,181,0.47,0.467,38,50,0.76,53,102,155,49,14,17,35,61,208
Larry Bird*,PF,26,BOS,79,79,2982,747,1481,0.504,22,77,0.28600000000000003,725,1404,0.516,0.512,351,418,0.84,193,677,870,458,148,71,240,197,1867
Otis Birdsong,SG,27,NJN,62,54,1885,426,834,0.511,2,6,0.33299999999999996,424,828,0.512,0.512,82,145,0.5660000000000001,53,97,150,239,85,16,114,155,936
Rolando Blackman,SG,23,DAL,75,62,2349,513,1042,0.49200000000000005,3,15,0.2,510,1027,0.49700000000000005,0.494,297,381,0.78,108,185,293,185,37,29,118,116,1326
Charles Bradley,SG,23,BOS,51,5,532,69,176,0.392,0,3,0.0,69,173,0.39899999999999997,0.392,46,90,0.511,30,48,78,28,32,27,42,84,184
Dudley Bradley,SG,25,CHI,58,11,683,82,159,0.516,1,5,0.2,81,154,0.526,0.519,36,45,0.8,27,78,105,106,49,10,59,91,201
Brad Branson,PF,24,IND,62,2,680,131,308,0.425,0,1,0.0,131,307,0.42700000000000005,0.425,76,108,0.7040000000000001,73,100,173,46,27,26,45,81,338
Mike Bratz,PG,27,CHI,15,0,140,14,42,0.33299999999999996,1,8,0.125,13,34,0.382,0.345,10,13,0.769,3,16,19,23,7,0,14,20,39
Ron Brewer,SG,27,TOT,74,52,1964,344,807,0.426,7,18,0.389,337,789,0.42700000000000005,0.431,142,170,0.835,59,85,144,96,90,25,97,123,837
Junior Bridgeman,SF,29,MIL,70,5,1855,421,856,0.49200000000000005,1,13,0.077,420,843,0.498,0.49200000000000005,164,196,0.8370000000000001,44,202,246,207,40,9,122,155,1007
Allan Bristow,SF,31,DAL,37,0,371,44,99,0.444,6,13,0.462,38,86,0.442,0.475,10,14,0.7140000000000001,24,35,59,70,6,1,31,46,104
Jim Brogan,SG,24,SDC,58,0,466,91,213,0.42700000000000005,3,13,0.231,88,200,0.44,0.434,34,43,0.7909999999999999,33,29,62,66,26,9,43,79,219
Michael Brooks,SF,24,SDC,82,26,2457,402,830,0.484,5,15,0.33299999999999996,397,815,0.48700000000000004,0.48700000000000004,193,277,0.6970000000000001,239,282,521,262,112,39,177,297,1002
Fred Brown,PG,34,SEA,80,1,1432,371,714,0.52,14,32,0.43799999999999994,357,682,0.523,0.529,58,72,0.8059999999999999,32,65,97,242,59,13,110,98,814
Rickey Brown,C,24,TOT,76,7,1048,167,349,0.479,0,3,0.0,167,346,0.483,0.479,65,105,0.619,91,175,266,25,13,26,82,172,399
Joe Bryant,SF,28,HOU,81,56,2055,344,768,0.44799999999999995,8,36,0.222,336,732,0.45899999999999996,0.45299999999999996,116,165,0.703,88,189,277,186,82,30,177,258,812
Quinn Buckner,SG,28,BOS,72,56,1565,248,561,0.442,0,4,0.0,248,557,0.445,0.442,74,117,0.632,62,125,187,275,108,5,159,195,570
Don Buse,PG,32,POR,41,1,643,72,182,0.396,9,35,0.257,63,147,0.429,0.42,41,46,0.8909999999999999,19,35,54,115,44,2,25,60,194
Marty Byrnes,SF,26,IND,80,12,1436,157,374,0.42,6,26,0.231,151,348,0.434,0.428,71,95,0.747,75,116,191,179,41,6,73,149,391
Kenny Carr,PF,27,POR,82,26,2331,362,717,0.505,2,6,0.33299999999999996,360,711,0.506,0.506,255,366,0.6970000000000001,182,407,589,116,62,42,185,306,981
M.L. Carr,SF,32,BOS,77,0,883,135,315,0.429,3,19,0.158,132,296,0.446,0.433,60,81,0.741,51,86,137,71,48,10,79,140,333
Joe Barry Carroll,C,24,GSW,79,79,2988,785,1529,0.513,0,3,0.0,785,1526,0.514,0.513,337,469,0.7190000000000001,220,468,688,169,108,155,285,260,1907
Butch Carter,SG,24,IND,81,28,1716,354,706,0.501,17,51,0.33299999999999996,337,655,0.515,0.513,124,154,0.805,62,88,150,194,78,13,118,207,849
Bill Cartwright,C,25,NYK,82,82,2468,455,804,0.5660000000000001,0,0,0.0,455,804,0.5660000000000001,0.5660000000000001,380,511,0.7440000000000001,185,405,590,136,41,127,204,315,1290
Harvey Catchings,C,31,MIL,74,33,1554,90,197,0.457,0,0,0.0,90,197,0.457,0.457,62,92,0.674,132,276,408,77,26,148,83,224,242
Tom Chambers,PF,23,SDC,79,79,2665,519,1099,0.47200000000000003,0,8,0.0,519,1091,0.47600000000000003,0.47200000000000003,353,488,0.723,218,301,519,192,79,57,234,333,1391
Maurice Cheeks*,PG,26,PHI,79,79,2465,404,745,0.542,1,6,0.16699999999999998,403,739,0.545,0.5429999999999999,181,240,0.754,53,156,209,543,184,31,179,182,990
Don Collins,SF,24,WSB,65,21,1575,332,635,0.523,0,6,0.0,332,629,0.528,0.523,101,136,0.743,116,94,210,132,87,30,146,166,765
Lester Conner,PG,23,GSW,75,10,1416,145,303,0.479,0,4,0.0,145,299,0.485,0.479,79,113,0.6990000000000001,69,152,221,253,116,7,99,141,369
Darwin Cook,PG,24,NJN,82,47,2625,443,986,0.449,8,38,0.21100000000000002,435,948,0.45899999999999996,0.45299999999999996,186,242,0.769,73,167,240,448,194,48,238,213,1080
Jeff Cook,PF,26,TOT,75,22,1333,148,304,0.48700000000000004,0,3,0.0,148,301,0.49200000000000005,0.48700000000000004,79,104,0.76,119,216,335,102,39,31,105,181,375
Joe Cooper,C,25,TOT,20,4,333,37,72,0.514,0,0,0.0,37,72,0.514,0.514,16,29,0.552,42,44,86,17,9,20,32,49,90
Michael Cooper,SG,26,LAL,82,3,2148,266,497,0.535,5,21,0.23800000000000002,261,476,0.5479999999999999,0.54,102,130,0.785,82,192,274,315,115,50,128,208,639
Wayne Cooper,C,26,POR,80,60,2099,320,723,0.44299999999999995,0,5,0.0,320,718,0.446,0.44299999999999995,135,197,0.685,214,397,611,116,27,136,162,318,775
Dave Corzine,C,26,CHI,82,71,2496,457,920,0.49700000000000005,0,2,0.0,457,918,0.498,0.49700000000000005,232,322,0.72,243,474,717,154,47,109,228,242,1146
Dave Cowens*,PF,34,MIL,40,34,1014,136,306,0.444,0,2,0.0,136,304,0.447,0.444,52,63,0.825,73,201,274,82,30,15,44,137,324
Chubby Cox,SG,27,WSB,7,0,78,13,37,0.35100000000000003,0,2,0.0,13,35,0.371,0.35100000000000003,3,6,0.5,7,3,10,6,0,1,9,16,29
Charlie Criss,PG,34,MIL,66,0,922,169,375,0.451,6,31,0.19399999999999998,163,344,0.474,0.45899999999999996,68,76,0.895,14,65,79,127,27,0,44,44,412
Geoff Crompton,C,27,SAS,14,0,148,14,34,0.41200000000000003,0,0,0.0,14,34,0.41200000000000003,0.41200000000000003,3,5,0.6,18,30,48,7,3,5,5,25,31
Pat Cummings,C,26,DAL,81,71,2317,433,878,0.493,0,1,0.0,433,877,0.494,0.493,148,196,0.755,225,443,668,144,57,35,162,296,1014
Terry Cummings,PF,21,SDC,70,69,2531,684,1309,0.523,0,1,0.0,684,1308,0.523,0.523,292,412,0.7090000000000001,303,441,744,177,129,62,204,294,1660
Earl Cureton,C,25,PHI,73,3,987,108,258,0.419,0,0,0.0,108,258,0.419,0.419,33,67,0.493,84,185,269,43,37,24,76,144,249
Quintin Dailey,SG,22,CHI,76,32,2081,470,1008,0.466,5,25,0.2,465,983,0.473,0.469,206,282,0.73,87,173,260,280,72,10,205,248,1151
Adrian Dantley*,SF,26,UTA,22,22,887,233,402,0.58,0,0,0.0,233,402,0.58,0.58,210,248,0.847,58,82,140,105,20,0,81,62,676
Brad Davis,PG,27,DAL,79,78,2323,359,628,0.5720000000000001,11,43,0.256,348,585,0.595,0.58,186,220,0.845,34,164,198,565,80,11,143,176,915
Charles Davis,SF,24,WSB,74,10,1161,251,534,0.47,2,10,0.2,249,524,0.475,0.47200000000000003,56,89,0.629,83,130,213,73,32,22,91,122,560
Johnny Davis,SG,27,ATL,53,33,1465,258,567,0.455,5,18,0.278,253,549,0.461,0.45899999999999996,164,206,0.7959999999999999,37,91,128,315,43,7,114,100,685
Mike Davis,PF,26,NYK,8,0,28,4,10,0.4,0,0,0.0,4,10,0.4,0.4,6,10,0.6,3,7,10,0,0,4,0,4,14
Walter Davis,SG,28,PHO,80,79,2491,665,1289,0.516,7,23,0.304,658,1266,0.52,0.519,184,225,0.818,63,134,197,397,117,12,188,186,1521
Darryl Dawkins,C,26,NJN,81,81,2093,401,669,0.599,0,0,0.0,401,669,0.599,0.599,166,257,0.6459999999999999,127,293,420,114,67,152,281,379,968
Kenny Dennard,PF,24,KCK,22,0,224,11,34,0.324,0,0,0.0,11,34,0.324,0.324,6,9,0.667,20,32,52,6,16,1,5,27,28
Coby Dietrick,C,34,SAS,8,0,34,1,5,0.2,0,0,0.0,1,5,0.2,0.2,0,2,0.0,2,6,8,6,1,0,1,6,2
James Donaldson,C,25,SEA,82,11,1789,289,496,0.583,0,0,0.0,289,496,0.583,0.583,150,218,0.688,131,370,501,97,19,101,132,171,728
John Douglas,SG,26,SDC,3,1,12,1,6,0.16699999999999998,1,2,0.5,0,4,0.0,0.25,2,2,1.0,0,1,1,1,0,0,0,0,5
Leon Douglas,C,28,KCK,5,0,46,2,3,0.667,0,0,0.0,2,3,0.667,0.667,0,2,0.0,3,4,7,0,0,3,1,13,4
John Drew,SF,28,UTA,44,33,1206,318,671,0.474,0,5,0.0,318,666,0.47700000000000004,0.474,296,392,0.755,98,137,235,97,35,7,135,152,932
Larry Drew,PG,24,KCK,75,74,2690,599,1218,0.49200000000000005,2,16,0.125,597,1202,0.49700000000000005,0.493,310,378,0.82,44,163,207,610,126,10,272,207,1510
Terry Duerod,SG,26,GSW,5,0,49,9,19,0.474,0,0,0.0,9,19,0.474,0.474,0,0,0.0,0,3,3,5,2,1,9,5,18
Mike Dunleavy,PG,28,SAS,79,9,1619,213,510,0.418,67,194,0.345,146,316,0.462,0.483,120,154,0.779,18,116,134,437,74,4,160,210,613
T.R. Dunn,SG,27,DEN,82,80,2640,254,527,0.48200000000000004,0,1,0.0,254,526,0.483,0.48200000000000004,119,163,0.73,231,384,615,189,147,25,113,218,627
John Duren,PG,24,IND,82,24,1433,163,360,0.45299999999999996,0,13,0.0,163,347,0.47,0.45299999999999996,43,54,0.7959999999999999,38,69,107,200,66,5,96,203,369
Mark Eaton,C,26,UTA,81,32,1528,146,353,0.414,0,1,0.0,146,352,0.415,0.414,59,90,0.6559999999999999,86,376,462,112,24,275,140,257,351
Jerry Eaves,PG,23,UTA,82,7,1588,280,575,0.48700000000000004,1,8,0.125,279,567,0.49200000000000005,0.488,200,247,0.81,34,88,122,210,51,3,152,116,761
Keith Edmonson,SG,22,ATL,32,2,309,48,139,0.345,0,2,0.0,48,137,0.35,0.345,16,27,0.593,20,19,39,22,11,6,20,41,112
Franklin Edwards,PG,23,PHI,81,3,1266,228,483,0.47200000000000003,0,8,0.0,228,475,0.48,0.47200000000000003,86,113,0.7609999999999999,23,62,85,221,81,6,110,119,542
James Edwards,C,27,TOT,31,9,667,128,263,0.48700000000000004,0,0,0.0,128,263,0.48700000000000004,0.48700000000000004,69,108,0.639,56,99,155,40,12,19,49,110,325
Len Elmore,C,30,NJN,74,0,975,97,244,0.39799999999999996,0,1,0.0,97,243,0.39899999999999997,0.39799999999999996,54,84,0.643,81,157,238,39,44,38,83,125,248
Chris Engler,C,23,GSW,54,1,369,38,94,0.40399999999999997,0,0,0.0,38,94,0.40399999999999997,0.40399999999999997,5,16,0.313,43,61,104,11,7,17,24,95,81
Alex English*,SF,29,DEN,82,82,2988,959,1857,0.516,2,12,0.16699999999999998,957,1845,0.519,0.517,406,490,0.8290000000000001,263,338,601,397,116,126,263,235,2326
Julius Erving*,SF,32,PHI,72,72,2421,605,1170,0.517,2,7,0.28600000000000003,603,1163,0.518,0.518,330,435,0.759,173,318,491,263,112,131,196,202,1542
Mike Evans,SG,27,DEN,42,5,695,115,243,0.473,0,9,0.0,115,234,0.491,0.473,33,41,0.805,4,54,58,113,23,3,71,94,263
Bruce Flowers,PF,25,CLE,53,5,699,110,206,0.534,0,2,0.0,110,204,0.539,0.534,41,53,0.774,71,109,180,47,19,12,43,99,261
Sleepy Floyd,PG,22,TOT,76,17,1248,226,527,0.429,10,25,0.4,216,502,0.43,0.43799999999999994,150,180,0.833,56,81,137,138,58,17,106,134,612
Phil Ford,PG,26,TOT,77,63,1610,213,445,0.479,1,9,0.111,212,436,0.486,0.48,97,123,0.789,18,85,103,290,52,3,134,190,524
World B. Free,SG,29,TOT,73,69,2638,649,1423,0.456,15,45,0.33299999999999996,634,1378,0.46,0.461,430,583,0.738,92,109,201,290,97,15,209,241,1743
Bill Garnett,C,22,DAL,75,13,1411,170,319,0.5329999999999999,0,3,0.0,170,316,0.5379999999999999,0.5329999999999999,129,174,0.741,141,265,406,103,48,70,81,245,469
Calvin Garrett,SF,26,HOU,4,0,34,4,11,0.364,0,1,0.0,4,10,0.4,0.364,2,2,1.0,3,4,7,3,0,0,3,4,10
George Gervin*,SG,30,SAS,78,78,2830,757,1553,0.48700000000000004,12,33,0.364,745,1520,0.49,0.491,517,606,0.853,111,246,357,264,88,67,247,243,2043
Artis Gilmore*,C,33,SAS,82,82,2797,556,888,0.626,0,6,0.0,556,882,0.63,0.626,367,496,0.74,299,685,984,126,40,192,254,273,1479
Mike Glenn,SG,27,ATL,73,4,1124,230,444,0.518,0,1,0.0,230,443,0.519,0.518,74,89,0.831,16,74,90,125,30,9,52,132,534
Mike Gminski,C,23,NJN,80,1,1255,213,426,0.5,0,1,0.0,213,425,0.501,0.5,175,225,0.778,154,228,382,61,35,116,126,118,601
Glen Gondrezick,PF,27,DEN,76,2,1130,134,294,0.456,0,3,0.0,134,291,0.46,0.456,82,114,0.7190000000000001,108,193,301,100,80,9,49,161,350
Rickey Green,PG,28,UTA,78,78,2783,464,942,0.493,2,13,0.154,462,929,0.49700000000000005,0.494,185,232,0.797,62,161,223,697,220,4,222,154,1115
Dave Greenwood,PF,25,CHI,79,61,2355,312,686,0.455,0,4,0.0,312,682,0.457,0.455,165,233,0.708,217,548,765,151,54,90,154,261,789
John Greig,SF,21,SEA,9,0,26,7,13,0.5379999999999999,0,0,0.0,7,13,0.5379999999999999,0.5379999999999999,5,6,0.833,2,4,6,0,0,1,2,4,19
Kevin Grevey,SF,29,WSB,41,11,756,114,294,0.38799999999999996,15,38,0.395,99,256,0.387,0.413,54,69,0.7829999999999999,18,31,49,49,18,7,27,61,297
Paul Griffin,PF,29,SAS,53,0,956,60,116,0.517,0,0,0.0,60,116,0.517,0.517,53,76,0.6970000000000001,77,139,216,86,33,25,68,153,173
Darrell Griffith,SG,24,UTA,77,76,2787,752,1554,0.484,38,132,0.28800000000000003,714,1422,0.502,0.496,167,246,0.679,100,204,304,270,138,33,252,184,1709
Bob Gross,SF,29,SDC,27,3,373,35,82,0.42700000000000005,1,3,0.33299999999999996,34,79,0.43,0.433,12,19,0.632,32,34,66,34,22,7,24,69,83
Ernie Grunfeld,SF,27,NYK,77,0,1422,167,377,0.44299999999999995,0,4,0.0,167,373,0.44799999999999995,0.44299999999999995,81,98,0.8270000000000001,42,121,163,136,40,10,84,172,415
Bill Hanzlik,SF,25,DEN,82,8,1547,187,437,0.428,1,7,0.14300000000000002,186,430,0.433,0.429,125,160,0.7809999999999999,80,156,236,268,75,15,144,220,500
Joe Hassett,SG,27,GSW,6,2,139,19,44,0.43200000000000005,1,9,0.111,18,35,0.514,0.44299999999999995,0,0,0.0,3,8,11,21,2,0,9,14,39
Scott Hastings,C-PF,22,TOT,31,0,140,13,38,0.342,0,3,0.0,13,35,0.371,0.342,11,20,0.55,15,26,41,3,6,1,9,34,37
Steve Hawes,PF,32,TOT,77,4,1416,163,390,0.418,5,21,0.23800000000000002,158,369,0.428,0.424,69,94,0.7340000000000001,81,280,361,95,38,14,107,189,400
Elvin Hayes*,PF,37,HOU,81,43,2302,424,890,0.47600000000000003,2,4,0.5,422,886,0.47600000000000003,0.478,196,287,0.6829999999999999,199,417,616,158,50,81,200,232,1046
Steve Hayes,C,27,CLE,65,3,1058,104,217,0.479,0,1,0.0,104,216,0.48100000000000004,0.479,29,51,0.569,102,134,236,36,17,41,49,215,237
Spencer Haywood*,PF,33,WSB,38,25,775,125,312,0.401,0,1,0.0,125,311,0.402,0.401,63,87,0.7240000000000001,77,106,183,30,12,27,67,94,313
Gerald Henderson,PG,27,BOS,82,9,1551,286,618,0.46299999999999997,3,16,0.188,283,602,0.47,0.465,96,133,0.722,57,67,124,195,95,3,128,190,671
Tom Henderson,SG,31,HOU,51,2,789,107,263,0.40700000000000003,0,2,0.0,107,261,0.41,0.40700000000000003,45,57,0.789,18,51,69,138,37,2,50,57,259
Rod Higgins,SF,23,CHI,82,42,2196,313,698,0.44799999999999995,13,41,0.317,300,657,0.457,0.45799999999999996,209,264,0.792,159,207,366,175,66,65,127,248,848
Johnny High,SG,25,PHO,82,2,1155,100,217,0.461,1,5,0.2,99,212,0.467,0.46299999999999997,63,136,0.46299999999999997,45,105,150,153,85,34,106,205,264
Armond Hill,PG,29,MIL,14,3,169,14,26,0.5379999999999999,0,0,0.0,14,26,0.5379999999999999,0.5379999999999999,18,22,0.818,5,15,20,27,9,0,13,20,46
Craig Hodges,SG,22,SDC,76,48,2022,318,704,0.452,20,90,0.222,298,614,0.485,0.466,94,130,0.723,53,69,122,275,82,4,161,192,750
Lionel Hollins,PG,29,SDC,56,54,1844,313,717,0.43700000000000006,3,21,0.14300000000000002,310,696,0.445,0.439,129,179,0.721,30,98,128,373,111,14,198,155,758
Phil Hubbard,SF,26,CLE,82,38,1953,288,597,0.48200000000000004,0,2,0.0,288,595,0.484,0.48200000000000004,204,296,0.6890000000000001,222,249,471,89,87,8,158,271,780
Geoff Huston,PG,25,CLE,80,79,2716,401,832,0.48200000000000004,4,12,0.33299999999999996,397,820,0.484,0.484,168,245,0.6859999999999999,41,118,159,487,74,4,195,215,974
Marc Iavaroni,PF,26,PHI,80,77,1612,163,353,0.462,0,2,0.0,163,351,0.46399999999999997,0.462,78,113,0.69,117,212,329,83,32,44,133,238,404
Dan Issel*,C,34,DEN,80,80,2431,661,1296,0.51,4,19,0.21100000000000002,657,1277,0.514,0.512,400,479,0.835,151,445,596,223,83,43,174,227,1726
Tracy Jackson,SG,23,CHI,78,3,1309,199,426,0.467,2,13,0.154,197,413,0.47700000000000004,0.469,92,126,0.73,87,92,179,105,64,11,83,132,492
Clay Johnson,SG,26,LAL,48,0,447,53,135,0.39299999999999996,0,2,0.0,53,133,0.39799999999999996,0.39299999999999996,38,48,0.792,40,29,69,24,22,4,25,62,144
Clemon Johnson,C,26,TOT,83,11,1914,299,581,0.515,0,1,0.0,299,580,0.516,0.515,111,180,0.617,190,334,524,139,67,92,124,221,709
Dennis Johnson*,PG,28,PHO,77,74,2551,398,861,0.462,5,31,0.161,393,830,0.473,0.465,292,369,0.7909999999999999,92,243,335,388,97,39,204,204,1093
Eddie Johnson,SG,27,ATL,61,57,1813,389,858,0.45299999999999996,14,41,0.341,375,817,0.45899999999999996,0.462,186,237,0.785,26,98,124,318,61,6,156,138,978
Eddie Johnson,SF,23,KCK,82,82,2933,677,1370,0.494,20,71,0.282,657,1299,0.506,0.501,247,317,0.779,191,310,501,216,70,20,181,259,1621
Frank Johnson,PG,24,WSB,68,65,2324,321,786,0.408,14,61,0.23,307,725,0.423,0.41700000000000004,196,261,0.7509999999999999,46,132,178,549,110,6,238,170,852
George Johnson,C,34,ATL,37,0,461,25,57,0.439,0,0,0.0,25,57,0.439,0.439,14,19,0.737,44,73,117,17,10,59,19,69,64
George Johnson,SF,26,IND,82,64,2297,409,858,0.47700000000000004,7,38,0.184,402,820,0.49,0.48100000000000004,126,172,0.733,176,369,545,220,77,53,242,279,951
Magic Johnson*,SG,23,LAL,79,79,2907,511,933,0.5479999999999999,0,21,0.0,511,912,0.56,0.5479999999999999,304,380,0.8,214,469,683,829,176,47,301,200,1326
Marques Johnson,SF,26,MIL,80,80,2853,723,1420,0.509,4,20,0.2,719,1400,0.514,0.511,264,359,0.735,196,366,562,363,100,56,196,211,1714
Mickey Johnson,PF,30,TOT,78,16,2053,391,921,0.425,3,36,0.083,388,885,0.43799999999999994,0.426,312,380,0.821,163,331,494,255,82,46,238,288,1097
Reggie Johnson,SF,25,TOT,79,8,1541,247,509,0.485,1,4,0.25,246,505,0.48700000000000004,0.486,95,130,0.731,107,184,291,71,26,43,104,232,590
Steve Johnson,C,25,KCK,79,21,1544,371,595,0.624,0,0,0.0,371,595,0.624,0.624,186,324,0.574,140,258,398,95,40,83,180,323,928
Vinnie Johnson,SG,26,DET,82,51,2511,520,1013,0.513,11,40,0.275,509,973,0.523,0.519,245,315,0.778,167,186,353,301,93,49,152,263,1296
Jim Johnstone,PF-C,22,TOT,23,0,191,11,30,0.36700000000000005,0,0,0.0,11,30,0.36700000000000005,0.36700000000000005,9,20,0.45,15,31,46,11,3,7,15,33,31
Bobby Jones*,PF,31,PHI,74,0,1749,250,460,0.5429999999999999,0,1,0.0,250,459,0.545,0.5429999999999999,165,208,0.7929999999999999,102,242,344,142,85,91,109,199,665
Caldwell Jones,C,32,HOU,82,82,2440,307,677,0.45299999999999996,0,2,0.0,307,675,0.455,0.45299999999999996,162,206,0.7859999999999999,222,446,668,138,46,131,171,278,776
Dwight Jones,PF,30,TOT,81,2,1164,148,325,0.455,0,1,0.0,148,324,0.457,0.455,79,123,0.642,84,225,309,62,31,23,101,172,375
Edgar Jones,PF,26,TOT,77,28,1658,237,479,0.495,2,9,0.222,235,470,0.5,0.49700000000000005,201,286,0.703,136,312,448,89,42,108,146,267,677
Hutch Jones,SF,23,SDC,9,0,85,17,37,0.45899999999999996,0,0,0.0,17,37,0.45899999999999996,0.45899999999999996,6,6,1.0,10,7,17,4,3,0,6,14,40
Major Jones,PF,29,HOU,60,4,878,142,311,0.457,0,2,0.0,142,309,0.46,0.457,56,102,0.5489999999999999,114,149,263,39,22,22,83,104,340
Eddie Jordan,PG,28,LAL,35,0,333,40,132,0.303,3,16,0.188,37,116,0.319,0.314,11,17,0.647,8,18,26,80,31,1,54,52,94
Jeff Judkins,SF,26,POR,34,0,309,39,88,0.44299999999999995,2,8,0.25,37,80,0.46299999999999997,0.455,25,30,0.833,18,25,43,17,15,2,17,39,105
Rich Kelley,C,29,TOT,70,23,1345,130,293,0.444,0,0,0.0,130,293,0.444,0.444,142,175,0.8109999999999999,131,273,404,138,54,39,118,221,402
Clark Kellogg,PF,21,IND,81,81,2761,680,1420,0.479,4,18,0.222,676,1402,0.48200000000000004,0.48,261,352,0.741,340,520,860,223,141,43,217,298,1625
Greg Kelser,SF,25,SEA,80,9,1507,247,450,0.5489999999999999,0,3,0.0,247,447,0.5529999999999999,0.5489999999999999,173,257,0.6729999999999999,158,245,403,97,52,35,149,243,667
Larry Kenon,PF,30,TOT,48,7,770,119,257,0.46299999999999997,0,1,0.0,119,256,0.465,0.46299999999999997,42,57,0.737,66,81,147,39,23,9,47,64,280
Albert King,SF,23,NJN,79,75,2447,582,1226,0.475,6,23,0.261,576,1203,0.479,0.47700000000000004,176,227,0.775,157,299,456,291,95,41,245,278,1346
Bernard King*,SF,26,NYK,68,68,2207,603,1142,0.528,0,6,0.0,603,1136,0.531,0.528,280,388,0.722,99,227,326,195,90,13,197,233,1486
Reggie King,SF,25,KCK,58,5,995,104,225,0.462,0,0,0.0,104,225,0.462,0.462,73,96,0.76,91,149,240,58,28,11,65,94,281
Billy Knight,SG,30,IND,80,54,2262,512,984,0.52,3,19,0.158,509,965,0.527,0.522,343,408,0.841,152,172,324,192,66,8,193,143,1370
Joe Kopicki,PF,22,WSB,17,1,201,23,51,0.451,0,1,0.0,23,50,0.46,0.451,21,25,0.84,18,44,62,9,9,2,8,21,67
Joel Kramer,C,27,PHO,54,4,458,44,104,0.423,0,1,0.0,44,103,0.42700000000000005,0.423,14,16,0.875,41,47,88,37,15,6,22,63,102
Sam Lacey,C,34,CLE,60,33,1232,111,264,0.42,2,9,0.222,109,255,0.42700000000000005,0.424,29,37,0.784,62,169,231,118,29,25,98,209,253
Bill Laimbeer,C,25,DET,82,82,2871,436,877,0.49700000000000005,2,13,0.154,434,864,0.502,0.498,245,310,0.79,282,711,993,263,51,118,176,320,1119
Jeff Lamp,SF,23,POR,59,1,690,107,252,0.425,1,6,0.16699999999999998,106,246,0.431,0.42700000000000005,42,52,0.8079999999999999,25,51,76,58,20,3,38,67,257
Mark Landsberger,PF,27,LAL,39,4,356,43,102,0.42200000000000004,0,0,0.0,43,102,0.42200000000000004,0.42200000000000004,12,25,0.48,55,73,128,12,8,4,20,48,98
Bob Lanier*,C,34,MIL,39,35,978,163,332,0.491,0,1,0.0,163,331,0.49200000000000005,0.491,91,133,0.684,58,142,200,105,34,24,82,125,417
Allen Leavell,PG,25,HOU,79,76,2602,439,1059,0.415,42,175,0.24,397,884,0.449,0.434,247,297,0.8320000000000001,64,131,195,530,165,14,198,215,1167
Ronnie Lester,PG,24,CHI,65,38,1437,202,446,0.45299999999999996,0,5,0.0,202,441,0.45799999999999996,0.45299999999999996,124,171,0.725,46,126,172,332,51,6,134,121,528
Fat Lever,PG,22,POR,81,45,2020,256,594,0.431,5,15,0.33299999999999996,251,579,0.434,0.435,116,159,0.73,85,140,225,426,153,15,137,179,633
Cliff Levingston,PF,22,DET,62,5,879,131,270,0.485,0,1,0.0,131,269,0.48700000000000004,0.485,84,147,0.5710000000000001,104,128,232,52,23,36,73,125,346
Steve Lingenfelter,PF,24,WSB,7,0,53,4,6,0.667,0,0,0.0,4,6,0.667,0.667,0,4,0.0,1,11,12,4,1,3,5,16,8
Alton Lister,PF,24,MIL,80,37,1885,272,514,0.529,0,0,0.0,272,514,0.529,0.529,130,242,0.537,168,400,568,111,50,177,186,328,674
Lewis Lloyd,SG,23,GSW,73,24,1350,293,566,0.518,1,4,0.25,292,562,0.52,0.519,100,139,0.7190000000000001,77,183,260,130,61,31,118,109,687
Scott Lloyd,C,30,DAL,15,0,206,19,50,0.38,0,1,0.0,19,49,0.38799999999999996,0.38,11,17,0.647,19,27,46,21,6,6,6,24,49
Kevin Loder,SF,23,KCK,66,13,818,138,300,0.46,5,9,0.556,133,291,0.457,0.46799999999999997,53,80,0.6629999999999999,37,88,125,72,29,8,64,98,334
John Long,SG,26,DET,70,30,1485,312,692,0.451,2,7,0.28600000000000003,310,685,0.45299999999999996,0.452,111,146,0.76,56,124,180,105,44,12,144,130,737
John Lucas,PG,29,WSB,35,0,386,62,131,0.473,0,5,0.0,62,126,0.49200000000000005,0.473,21,42,0.5,8,21,29,102,25,1,47,18,145
Maurice Lucas,PF,30,PHO,77,71,2586,495,1045,0.474,1,3,0.33299999999999996,494,1042,0.474,0.474,278,356,0.7809999999999999,201,598,799,219,56,43,221,274,1269
Rudy Macklin,SF,24,ATL,73,20,1171,170,360,0.47200000000000003,0,4,0.0,170,356,0.478,0.47200000000000003,101,131,0.7709999999999999,85,105,190,71,41,10,89,189,441
Kyle Macy,PG,25,PHO,82,9,1836,328,634,0.517,23,76,0.303,305,558,0.547,0.535,129,148,0.872,41,124,165,278,64,8,90,130,808
Dave Magley,SF,23,CLE,14,0,56,4,16,0.25,0,1,0.0,4,15,0.267,0.25,4,8,0.5,2,8,10,2,2,0,2,5,12
Rick Mahorn,PF,24,WSB,82,82,3023,376,768,0.49,0,3,0.0,376,765,0.49200000000000005,0.49,146,254,0.575,171,608,779,115,86,148,170,335,898
Moses Malone*,C,27,PHI,78,78,2922,654,1305,0.501,0,1,0.0,654,1304,0.502,0.501,600,788,0.7609999999999999,445,749,1194,101,89,157,264,206,1908
Wes Matthews,PG,23,ATL,64,0,1187,171,424,0.40299999999999997,14,48,0.292,157,376,0.418,0.42,86,112,0.768,25,66,91,249,60,8,123,129,442
Cedric Maxwell,SF,27,BOS,79,71,2252,331,663,0.499,0,1,0.0,331,662,0.5,0.499,280,345,0.812,185,237,422,186,65,39,165,202,942
Scott May,SF,28,DET,9,1,155,21,50,0.42,0,0,0.0,21,50,0.42,0.42,17,21,0.81,10,16,26,12,5,2,13,24,59
Bob McAdoo*,C,31,LAL,47,1,1019,292,562,0.52,0,1,0.0,292,561,0.52,0.52,119,163,0.73,76,171,247,39,40,40,68,153,703
Hank McDowell,PF,23,TOT,56,0,505,58,126,0.46,0,2,0.0,58,124,0.46799999999999997,0.46,47,61,0.77,54,65,119,24,8,11,40,84,163
Mike McGee,SF,23,LAL,39,7,381,69,163,0.423,1,7,0.14300000000000002,68,156,0.436,0.426,17,23,0.7390000000000001,33,20,53,26,11,5,27,50,156
Kevin McHale*,PF,25,BOS,82,13,2345,483,893,0.541,0,1,0.0,483,892,0.541,0.541,193,269,0.7170000000000001,215,338,553,104,34,192,159,241,1159
Billy McKinney,PG,27,DEN,68,38,1559,266,546,0.48700000000000004,0,7,0.0,266,539,0.494,0.48700000000000004,136,167,0.8140000000000001,21,100,121,288,39,5,101,142,668
Tom McMillen,C,30,ATL,61,4,1364,198,424,0.467,0,1,0.0,198,423,0.46799999999999997,0.467,108,133,0.812,57,160,217,76,17,24,80,143,504
Mark McNamara,C,23,PHI,36,2,182,29,64,0.45299999999999996,0,0,0.0,29,64,0.45299999999999996,0.45299999999999996,20,45,0.444,34,42,76,7,3,3,36,42,78
Joe Meriweather,C,29,KCK,78,74,1706,258,453,0.57,0,0,0.0,258,453,0.57,0.57,102,163,0.626,150,274,424,64,47,86,118,285,618
Mike Mitchell,SF,27,SAS,80,79,2803,686,1342,0.511,0,3,0.0,686,1339,0.512,0.511,219,289,0.758,188,349,537,98,57,52,126,248,1591
Steve Mix,SF,35,TOT,58,20,809,137,283,0.484,1,4,0.25,136,279,0.48700000000000004,0.486,75,88,0.852,38,99,137,70,33,3,45,71,350
Paul Mokeski,C,26,TOT,73,19,1128,119,260,0.45799999999999996,0,1,0.0,119,259,0.45899999999999996,0.45799999999999996,50,68,0.735,76,184,260,49,21,44,67,223,288
Sidney Moncrief*,SG,25,MIL,76,76,2710,606,1156,0.524,1,10,0.1,605,1146,0.528,0.525,499,604,0.826,192,245,437,300,113,23,197,180,1712
Johnny Moore,PG,24,SAS,77,73,2552,394,841,0.46799999999999997,5,22,0.22699999999999998,389,819,0.475,0.47100000000000003,148,199,0.7440000000000001,65,212,277,753,194,32,226,247,941
Lowes Moore,PG,25,SDC,37,3,642,81,190,0.426,6,23,0.261,75,167,0.449,0.442,42,56,0.75,15,40,55,73,22,1,46,72,210
Guy Morgan,SG,22,IND,8,0,46,7,24,0.292,0,0,0.0,7,24,0.292,0.292,1,4,0.25,6,11,17,7,2,0,2,7,15
Calvin Murphy*,PG,34,HOU,64,0,1423,337,754,0.447,4,14,0.28600000000000003,333,740,0.45,0.45,138,150,0.92,34,40,74,158,59,4,89,163,816
Larry Nance,PF,23,PHO,82,82,2914,588,1069,0.55,1,3,0.33299999999999996,587,1066,0.551,0.551,193,287,0.672,239,471,710,197,99,217,190,254,1370
Swen Nater,C,33,SDC,7,0,51,6,20,0.3,0,0,0.0,6,20,0.3,0.3,4,4,1.0,2,11,13,1,1,0,3,1,16
Calvin Natt,SF,26,POR,80,80,2879,644,1187,0.5429999999999999,3,20,0.15,641,1167,0.5489999999999999,0.544,339,428,0.792,214,385,599,171,63,29,203,184,1630
Kenny Natt,SG,24,UTA,22,0,210,38,73,0.521,0,2,0.0,38,71,0.535,0.521,9,14,0.643,6,16,22,28,5,0,22,36,85
Ed Nealy,PF,22,KCK,82,61,1643,147,247,0.595,0,0,0.0,147,247,0.595,0.595,70,114,0.614,170,315,485,62,68,12,51,247,364
Chuck Nevitt,C,23,HOU,6,0,64,11,15,0.733,0,0,0.0,11,15,0.733,0.733,1,4,0.25,6,11,17,0,1,12,7,14,23
Carl Nicks,SG,24,CLE,9,2,148,26,59,0.441,0,1,0.0,26,58,0.44799999999999995,0.441,11,17,0.647,8,18,26,11,6,0,11,17,63
Kurt Nimphius,C,24,DAL,81,12,1515,174,355,0.49,1,1,1.0,173,354,0.489,0.49200000000000005,77,140,0.55,157,247,404,115,24,111,66,287,426
Norm Nixon,PG,27,LAL,79,79,2711,533,1123,0.475,0,13,0.0,533,1110,0.48,0.475,125,168,0.7440000000000001,61,144,205,566,104,4,237,176,1191
Audie Norris,C,22,POR,30,0,311,26,63,0.413,0,0,0.0,26,63,0.413,0.413,14,30,0.467,25,44,69,24,13,2,33,61,66
Mike O'Koren,SF,24,NJN,46,14,803,136,259,0.525,2,9,0.222,134,250,0.536,0.529,34,48,0.708,42,72,114,82,42,11,62,67,308
Mark Olberding,PF,26,CHI,80,31,1817,251,522,0.48100000000000004,2,12,0.16699999999999998,249,510,0.488,0.483,194,248,0.782,108,250,358,131,50,9,152,246,698
Jawann Oldham,C,25,CHI,16,0,171,31,58,0.534,0,0,0.0,31,58,0.534,0.534,12,22,0.545,18,29,47,5,5,13,13,30,74
Louis Orr,SF,24,NYK,82,14,1666,274,593,0.462,0,2,0.0,274,591,0.46399999999999997,0.462,140,175,0.8,94,134,228,94,64,24,93,134,688
Tom Owens,C,33,DET,49,4,725,81,192,0.42200000000000004,0,0,0.0,81,192,0.42200000000000004,0.42200000000000004,45,66,0.682,66,120,186,44,12,14,48,115,207
Robert Parish*,C,29,BOS,78,76,2459,619,1125,0.55,0,1,0.0,619,1124,0.551,0.55,271,388,0.698,260,567,827,141,79,148,185,222,1509
Billy Paultz,C,34,TOT,64,0,820,101,227,0.445,0,0,0.0,101,227,0.445,0.445,27,59,0.45799999999999996,64,136,200,61,17,18,47,109,229
Jim Paxson,SG,25,POR,81,81,2740,682,1323,0.515,4,25,0.16,678,1298,0.522,0.517,388,478,0.812,68,106,174,231,140,17,156,160,1756
Sam Pellom,PF,31,TOT,6,0,29,6,16,0.375,0,0,0.0,6,16,0.375,0.375,0,0,0.0,2,6,8,1,0,0,2,3,12
Roger Phegley,SG,26,SAS,62,4,599,120,267,0.449,3,14,0.214,117,253,0.462,0.455,43,56,0.768,39,45,84,60,30,8,49,92,286
Eddie Phillips,SF,21,NJN,48,0,416,56,138,0.406,0,2,0.0,56,136,0.41200000000000003,0.406,40,59,0.6779999999999999,27,50,77,29,14,8,50,58,152
Ricky Pierce,SG,23,DET,39,1,265,33,88,0.375,1,7,0.14300000000000002,32,81,0.395,0.381,18,32,0.563,15,20,35,14,8,4,18,42,85
Charles Pittman,PF,24,PHO,28,0,170,19,40,0.475,0,1,0.0,19,39,0.48700000000000004,0.475,25,37,0.6759999999999999,13,18,31,7,2,7,22,41,63
Ben Poquette,PF,27,UTA,75,50,2331,329,697,0.47200000000000003,1,5,0.2,328,692,0.474,0.473,166,221,0.7509999999999999,155,366,521,168,64,116,100,264,825
Kevin Porter,PG,32,WSB,11,0,210,21,40,0.525,0,0,0.0,21,40,0.525,0.525,5,6,0.833,2,3,5,46,10,0,21,30,47
Paul Pressey,SG,24,MIL,79,18,1528,213,466,0.457,1,9,0.111,212,457,0.46399999999999997,0.45799999999999996,105,176,0.597,83,198,281,207,99,47,162,174,532
Mark Radford,SG,23,SEA,54,2,439,84,172,0.488,4,18,0.222,80,154,0.519,0.5,30,73,0.41100000000000003,12,35,47,104,34,4,74,78,202
Ed Rains,SF,26,SAS,34,1,292,33,83,0.39799999999999996,0,1,0.0,33,82,0.402,0.39799999999999996,29,43,0.674,25,19,44,22,10,1,25,35,95
Kurt Rambis,PF,24,LAL,78,77,1806,235,413,0.569,0,2,0.0,235,411,0.5720000000000001,0.569,114,166,0.687,164,367,531,90,105,63,145,233,584
Kelvin Ransey,PG,24,DAL,76,4,1607,343,746,0.46,2,16,0.125,341,730,0.467,0.461,152,199,0.764,44,103,147,280,58,4,129,109,840
James Ray,PF,25,DEN,45,3,433,70,153,0.45799999999999996,0,1,0.0,70,152,0.461,0.45799999999999996,33,51,0.647,37,89,126,39,24,19,50,83,173
Clint Richardson,SG,26,PHI,77,1,1755,259,559,0.46299999999999997,0,6,0.0,259,553,0.46799999999999997,0.46299999999999997,71,111,0.64,98,149,247,168,71,18,99,164,589
Micheal Ray Richardson,PG,27,TOT,64,51,2076,346,815,0.425,8,51,0.157,338,764,0.442,0.429,106,163,0.65,113,182,295,432,182,24,244,240,806
Rick Robey,C,27,BOS,59,6,855,100,214,0.467,0,0,0.0,100,214,0.467,0.467,45,78,0.5770000000000001,79,140,219,65,13,8,72,131,245
Cliff Robinson,PF,22,CLE,77,75,2601,587,1230,0.47700000000000004,0,5,0.0,587,1225,0.479,0.47700000000000004,213,301,0.708,190,666,856,145,61,58,224,272,1387
Oliver Robinson,SG,22,SAS,35,0,147,35,97,0.361,1,11,0.091,34,86,0.395,0.366,30,45,0.667,6,11,17,21,4,2,13,18,101
Truck Robinson,PF,31,NYK,81,76,2426,326,706,0.462,0,0,0.0,326,706,0.462,0.462,118,201,0.5870000000000001,199,458,657,145,57,24,190,241,770
Dave Robisch,C,33,DEN,61,0,711,96,251,0.382,0,1,0.0,96,250,0.384,0.382,92,118,0.78,34,117,151,53,10,9,45,61,284
Tree Rollins,C,27,ATL,80,80,2472,261,512,0.51,0,1,0.0,261,511,0.511,0.51,98,135,0.726,210,533,743,75,49,343,95,294,620
Lorenzo Romar,PG,24,GSW,82,64,2130,266,572,0.465,10,33,0.303,256,539,0.475,0.474,78,105,0.743,23,115,138,455,98,5,141,142,620
Dan Roundfield,PF,29,ATL,77,76,2811,561,1193,0.47,5,27,0.185,556,1166,0.47700000000000004,0.47200000000000003,337,450,0.7490000000000001,259,621,880,225,60,115,245,239,1464
Jeff Ruland,C,24,WSB,79,47,2862,580,1051,0.552,1,3,0.33299999999999996,579,1048,0.552,0.552,375,544,0.6890000000000001,293,578,871,234,74,77,297,312,1536
Walker Russell,PG,22,DET,68,1,757,67,184,0.364,2,18,0.111,65,166,0.392,0.37,47,58,0.81,19,54,73,131,16,1,92,71,183
Mike Sanders,SF,22,SAS,26,0,393,76,157,0.484,0,2,0.0,76,155,0.49,0.484,31,43,0.721,31,63,94,19,18,6,28,57,183
Danny Schayes,C,23,TOT,82,50,2284,342,749,0.457,0,1,0.0,342,748,0.457,0.457,228,295,0.773,200,435,635,205,54,98,253,325,912
Russ Schoene,PF,22,TOT,77,7,1222,207,435,0.47600000000000003,1,4,0.25,206,431,0.478,0.47700000000000004,61,83,0.735,96,159,255,59,25,23,81,192,476
Alvin Scott,SF,27,PHO,81,9,1139,124,259,0.479,0,2,0.0,124,257,0.48200000000000004,0.479,81,110,0.736,60,164,224,97,48,31,64,133,329
Lonnie Shelton,PF,27,SEA,82,79,2572,437,915,0.478,1,6,0.16699999999999998,436,909,0.48,0.478,141,187,0.754,158,337,495,237,75,72,172,310,1016
Ed Sherod,PG,23,NYK,64,37,1624,171,421,0.406,1,13,0.077,170,408,0.41700000000000004,0.40700000000000003,52,80,0.65,43,106,149,311,96,14,104,112,395
Purvis Short,SF,25,GSW,67,57,2397,589,1209,0.48700000000000004,4,15,0.267,585,1194,0.49,0.489,255,308,0.828,145,209,354,228,94,14,194,242,1437
Jerry Sichting,PG,26,IND,78,58,2435,316,661,0.478,3,18,0.16699999999999998,313,643,0.48700000000000004,0.48,92,107,0.86,33,122,155,433,104,2,138,185,727
Jack Sikma*,C,27,SEA,75,71,2564,484,1043,0.46399999999999997,0,8,0.0,484,1035,0.46799999999999997,0.46399999999999997,400,478,0.8370000000000001,213,645,858,233,87,65,190,263,1368
Jose Slaughter,SG,22,IND,63,1,515,89,238,0.374,9,41,0.22,80,197,0.406,0.39299999999999996,38,59,0.644,34,34,68,52,36,7,42,93,225
Derek Smith,SF,21,GSW,27,0,154,21,51,0.41200000000000003,0,2,0.0,21,49,0.429,0.41200000000000003,17,25,0.68,10,28,38,2,0,4,11,40,59
Jim Smith,PF,24,DET,4,0,18,3,4,0.75,0,0,0.0,3,4,0.75,0.75,2,4,0.5,0,5,5,0,0,0,0,4,8
Larry Smith,PF,25,GSW,49,41,1433,180,306,0.588,0,0,0.0,180,306,0.588,0.588,53,99,0.535,209,276,485,46,36,20,83,186,413
Phil Smith,SG,30,SEA,79,17,1238,175,400,0.43799999999999994,3,8,0.375,172,392,0.439,0.441,101,133,0.759,27,103,130,216,44,8,102,113,454
Randy Smith,SG,34,TOT,80,16,1406,273,565,0.483,3,18,0.16699999999999998,270,547,0.494,0.486,114,131,0.87,37,59,96,206,56,0,98,139,663
Robert Smith,PG,27,TOT,12,0,68,7,24,0.292,0,2,0.0,7,22,0.318,0.292,9,10,0.9,1,5,6,8,5,0,6,13,23
Ricky Sobers,SG,30,WSB,41,39,1438,234,534,0.43799999999999994,23,55,0.418,211,479,0.441,0.46,154,185,0.8320000000000001,35,67,102,218,61,14,147,158,645
Jim Spanarkel,SG,25,DAL,48,4,722,91,197,0.462,2,10,0.2,89,187,0.47600000000000003,0.467,88,113,0.779,27,57,84,78,27,3,55,59,272
Rory Sparrow,PG,24,TOT,81,58,2428,392,810,0.484,5,22,0.22699999999999998,387,788,0.491,0.48700000000000004,147,199,0.7390000000000001,61,169,230,397,107,5,197,255,936
Larry Spriggs,SF,23,CHI,9,0,39,8,20,0.4,0,0,0.0,8,20,0.4,0.4,5,7,0.7140000000000001,2,7,9,3,1,2,2,3,21
Brook Steppe,SG,23,KCK,62,6,606,84,176,0.47700000000000004,1,7,0.14300000000000002,83,169,0.491,0.48,76,100,0.76,25,48,73,68,26,3,55,92,245
Jeff Taylor,SG,23,HOU,44,5,774,64,160,0.4,0,1,0.0,64,159,0.40299999999999997,0.4,30,46,0.652,25,53,78,110,40,15,60,82,158
Vince Taylor,SG,22,NYK,31,0,321,37,102,0.363,0,0,0.0,37,102,0.363,0.363,21,32,0.6559999999999999,19,17,36,41,20,2,30,54,95
Terry Teagle,SG,22,HOU,73,44,1708,332,776,0.428,10,29,0.345,322,747,0.431,0.434,87,125,0.696,74,120,194,150,53,18,137,171,761
Carlos Terry,SG,26,WSB,55,3,514,39,106,0.368,0,2,0.0,39,104,0.375,0.368,10,15,0.667,27,72,99,46,24,13,20,79,88
Reggie Theus,PG,25,CHI,82,81,2856,749,1567,0.478,21,91,0.231,728,1476,0.493,0.485,434,542,0.8009999999999999,91,209,300,484,143,17,321,281,1953
David Thirdkill,SF,22,PHO,49,2,521,74,170,0.435,1,7,0.14300000000000002,73,163,0.44799999999999995,0.43799999999999994,45,78,0.5770000000000001,28,44,72,36,19,4,48,93,194
Isiah Thomas*,PG,21,DET,81,81,3093,725,1537,0.47200000000000003,36,125,0.28800000000000003,689,1412,0.488,0.483,368,518,0.71,105,223,328,634,199,29,326,318,1854
Corny Thompson,PF,22,DAL,44,2,520,43,137,0.314,0,0,0.0,43,137,0.314,0.314,36,46,0.7829999999999999,41,79,120,34,12,7,31,92,122
David Thompson*,SG,28,SEA,75,64,2155,445,925,0.48100000000000004,2,10,0.2,443,915,0.484,0.48200000000000004,298,380,0.784,96,174,270,222,47,33,163,142,1190
LaSalle Thompson,C,21,KCK,71,3,987,147,287,0.512,0,1,0.0,147,286,0.514,0.512,89,137,0.65,133,242,375,33,40,61,96,186,383
Mychal Thompson,C,28,POR,80,80,3017,505,1033,0.489,0,1,0.0,505,1032,0.489,0.489,249,401,0.621,183,570,753,380,68,110,281,213,1259
Darren Tillis,C,22,TOT,52,4,526,76,181,0.42,0,1,0.0,76,180,0.42200000000000004,0.42,16,28,0.5710000000000001,41,89,130,18,8,30,22,76,168
Ray Tolbert,PF,24,TOT,73,2,1107,157,314,0.5,0,3,0.0,157,311,0.505,0.5,52,103,0.505,72,170,242,50,26,47,83,153,366
Andrew Toney,SG,25,PHI,81,81,2474,626,1250,0.501,22,76,0.289,604,1174,0.514,0.51,324,411,0.7879999999999999,42,183,225,365,80,17,271,255,1598
Linton Townes,SF,23,POR,55,0,516,105,234,0.449,9,25,0.36,96,209,0.45899999999999996,0.46799999999999997,28,38,0.737,30,35,65,31,19,5,33,81,247
Kelly Tripucka,SF,23,DET,58,58,2252,565,1156,0.489,14,37,0.37799999999999995,551,1119,0.49200000000000005,0.495,392,464,0.845,126,138,264,237,67,20,187,157,1536
Trent Tucker,SG,23,NYK,78,59,1830,299,647,0.462,14,30,0.467,285,617,0.462,0.473,43,64,0.672,75,141,216,195,56,6,70,235,655
Elston Turner,SF,23,DAL,59,16,879,96,238,0.40299999999999997,2,3,0.667,94,235,0.4,0.408,20,30,0.667,68,84,152,88,47,0,59,75,214
Terry Tyler,SF,26,DET,82,56,2543,421,880,0.478,2,15,0.133,419,865,0.484,0.48,146,196,0.745,180,360,540,157,103,160,120,221,990
Darnell Valentine,PG,23,POR,47,36,1298,209,460,0.45399999999999996,0,1,0.0,209,459,0.455,0.45399999999999996,169,213,0.7929999999999999,34,83,117,293,101,5,131,139,587
Jan van Breda Kolff,SF,31,NJN,13,0,63,5,14,0.35700000000000004,0,0,0.0,5,14,0.35700000000000004,0.35700000000000004,5,6,0.833,2,11,13,5,2,2,3,9,15
Kiki Vandeweghe,PF,24,DEN,82,79,2909,841,1537,0.547,15,51,0.294,826,1486,0.556,0.552,489,559,0.875,124,313,437,203,66,38,177,198,2186
Pete Verhoeven,PF,23,POR,48,0,527,87,171,0.509,0,1,0.0,87,170,0.512,0.509,21,31,0.677,44,52,96,32,18,9,40,95,195
Jay Vincent,PF,23,DAL,81,73,2726,622,1272,0.489,0,3,0.0,622,1269,0.49,0.489,269,343,0.784,217,375,592,212,70,45,188,295,1513
Danny Vranes,SF,24,SEA,82,73,2054,226,429,0.527,0,1,0.0,226,428,0.528,0.527,115,209,0.55,177,248,425,120,53,49,102,254,567
Foots Walker,PG,31,NJN,79,10,1388,114,250,0.456,2,12,0.16699999999999998,112,238,0.47100000000000003,0.46,116,149,0.779,30,106,136,264,78,3,104,134,346
Wally Walker,SF,28,HOU,82,59,2251,362,806,0.449,1,4,0.25,361,802,0.45,0.45,72,116,0.621,137,236,373,199,37,22,144,202,797
Bill Walton*,C,30,SDC,33,32,1099,200,379,0.528,0,0,0.0,200,379,0.528,0.528,65,117,0.556,75,248,323,120,34,119,105,113,465
Bryan Warrick,PG,23,WSB,43,20,727,65,171,0.38,0,5,0.0,65,166,0.392,0.38,42,57,0.737,15,54,69,126,21,8,71,103,172
Marvin Webster,C,30,NYK,82,0,1472,168,331,0.508,0,1,0.0,168,330,0.509,0.508,106,180,0.589,176,267,443,49,35,131,102,210,442
Scott Wedman,SF,30,TOT,75,35,1793,374,788,0.475,10,32,0.313,364,756,0.48100000000000004,0.48100000000000004,85,107,0.794,98,184,282,117,43,17,126,228,843
Paul Westphal*,SG,32,NYK,80,59,1978,318,693,0.45899999999999996,14,48,0.292,304,645,0.47100000000000003,0.469,148,184,0.804,19,96,115,439,87,16,196,180,798
Rory White,SF,23,PHO,65,0,626,127,234,0.5429999999999999,0,1,0.0,127,233,0.545,0.5429999999999999,70,109,0.642,47,58,105,30,16,2,51,54,324
Jerome Whitehead,C,26,SDC,46,23,905,164,306,0.536,0,0,0.0,164,306,0.536,0.536,72,87,0.828,105,156,261,42,21,15,65,139,400
Bob Wilkerson,SF,28,CLE,77,11,1702,213,511,0.41700000000000004,0,4,0.0,213,507,0.42,0.41700000000000004,93,124,0.75,62,180,242,189,68,16,160,157,519
Jamaal Wilkes*,SF,29,LAL,80,80,2552,684,1290,0.53,0,6,0.0,684,1284,0.5329999999999999,0.53,203,268,0.757,146,197,343,182,65,17,150,221,1571
James Wilkes,SF,24,DET,9,0,129,11,34,0.324,0,1,0.0,11,33,0.33299999999999996,0.324,12,15,0.8,9,10,19,10,3,1,5,22,34
Dominique Wilkins*,SF,23,ATL,82,82,2697,601,1220,0.493,2,11,0.182,599,1209,0.495,0.493,230,337,0.682,226,252,478,129,84,63,180,210,1434
Jeff Wilkins,C,27,UTA,81,34,2307,389,816,0.47700000000000004,0,3,0.0,389,813,0.478,0.47700000000000004,156,200,0.78,154,442,596,132,41,42,186,251,934
Buck Williams,PF,22,NJN,82,82,2961,536,912,0.588,0,4,0.0,536,908,0.59,0.588,324,523,0.62,365,662,1027,125,91,110,246,270,1396
Freeman Williams,SG,26,UTA,18,3,210,36,101,0.35600000000000004,2,7,0.28600000000000003,34,94,0.36200000000000004,0.366,18,25,0.72,3,14,17,10,6,1,12,30,92
Gus Williams,PG,29,SEA,80,80,2761,660,1384,0.47700000000000004,2,43,0.047,658,1341,0.491,0.478,278,370,0.7509999999999999,72,133,205,643,182,26,230,117,1600
Herb Williams,C,24,IND,78,74,2513,580,1163,0.499,0,7,0.0,580,1156,0.502,0.499,155,220,0.705,151,432,583,262,54,171,229,230,1315
Ray Williams,PG,28,KCK,72,68,2170,419,1068,0.392,15,74,0.203,404,994,0.406,0.39899999999999997,256,333,0.769,93,234,327,569,120,26,335,248,1109
Rickey Williams,SG,25,UTA,44,0,346,56,135,0.415,0,3,0.0,56,132,0.424,0.415,35,53,0.66,15,23,38,37,20,4,38,42,147
Rob Williams,PG,21,DEN,74,33,1443,191,468,0.408,2,15,0.133,189,453,0.41700000000000004,0.41,131,174,0.753,37,99,136,361,89,12,185,221,515
Sam Williams,PF,23,GSW,75,28,1533,252,479,0.526,0,1,0.0,252,478,0.527,0.526,123,171,0.7190000000000001,153,240,393,45,71,89,101,244,627
Sly Williams,PF,25,NYK,68,6,1385,314,647,0.485,2,19,0.105,312,628,0.49700000000000005,0.48700000000000004,176,259,0.68,94,196,290,133,73,3,133,166,806
Bill Willoughby,SF,25,TOT,62,0,1146,147,324,0.45399999999999996,6,14,0.429,141,310,0.455,0.46299999999999997,43,55,0.782,63,138,201,64,25,17,61,139,343
Brian Winters,SG,30,MIL,57,12,1361,255,587,0.434,22,68,0.324,233,519,0.449,0.45299999999999996,73,85,0.8590000000000001,35,75,110,156,45,4,81,132,605
Al Wood,SF,24,SDC,76,47,1822,343,740,0.46399999999999997,15,50,0.3,328,690,0.475,0.474,124,161,0.77,96,140,236,134,55,36,111,188,825
Mike Woodson,SG,24,KCK,81,3,2426,584,1154,0.506,7,33,0.212,577,1121,0.515,0.509,298,377,0.79,84,164,248,254,137,59,174,203,1473
Orlando Woolridge,SF,23,CHI,57,38,1627,361,622,0.58,0,3,0.0,361,619,0.583,0.58,217,340,0.638,122,176,298,97,38,44,157,177,939
James Worthy*,SF,21,LAL,77,1,1970,447,772,0.579,1,4,0.25,446,768,0.581,0.58,138,221,0.624,157,242,399,132,91,64,178,221,1033
Jim Zoet,C,29,DET,7,0,30,1,5,0.2,0,0,0.0,1,5,0.2,0.2,0,0,0.0,3,5,8,1,1,3,4,9,2
