Player,Pos,Age,Tm,G,GS,MP,FG,FGA,FG%,3P,3PA,3P%,2P,2PA,2P%,eFG%,FT,FTA,FT%,ORB,DRB,TRB,AST,STL,BLK,TOV,PF,PTS
Kareem Abdul-Jabbar*,C,33,LAL,80,0,2976,836,1457,0.574,0,1,0.0,836,1456,0.574,0.574,423,552,0.7659999999999999,197,624,821,272,59,228,249,244,2095
Tom Abernethy,SF,26,TOT,39,0,298,25,59,0.424,0,1,0.0,25,58,0.431,0.424,13,22,0.591,20,28,48,19,7,3,8,34,63
Alvan Adams,C,26,PHO,75,0,2054,458,870,0.526,0,0,0.0,458,870,0.526,0.526,199,259,0.768,157,389,546,344,106,69,226,226,1115
Darrell Allums,PF,22,DAL,22,0,276,23,67,0.34299999999999997,0,1,0.0,23,66,0.348,0.34299999999999997,13,22,0.591,19,46,65,25,5,8,23,51,59
Tiny Archibald*,PG,32,BOS,80,72,2820,382,766,0.499,0,9,0.0,382,757,0.505,0.499,342,419,0.816,36,140,176,618,75,18,265,201,1106
Dennis Awtrey,C,32,SEA,47,0,607,44,93,0.473,0,0,0.0,44,93,0.473,0.473,14,20,0.7,33,75,108,54,12,8,33,85,102
James Bailey,PF,23,SEA,82,0,2539,444,889,0.499,1,2,0.5,443,887,0.499,0.5,256,361,0.7090000000000001,192,415,607,98,74,143,219,332,1145
Greg Ballard,SF,26,WSB,82,0,2610,549,1186,0.46299999999999997,7,32,0.21899999999999997,542,1154,0.47,0.466,166,196,0.847,167,413,580,195,118,39,117,194,1271
Mike Bantom,SF,29,IND,76,0,2375,431,882,0.489,0,6,0.0,431,876,0.49200000000000005,0.489,199,281,0.708,150,277,427,240,80,85,197,284,1061
Billy Ray Bates,SG,24,POR,77,0,1560,439,902,0.48700000000000004,14,54,0.259,425,848,0.501,0.494,170,199,0.8540000000000001,71,86,157,196,82,6,149,120,1062
Mel Bennett,PF,26,UTA,28,0,313,26,60,0.433,0,2,0.0,26,58,0.44799999999999995,0.433,53,81,0.654,33,60,93,15,3,11,31,56,105
Kent Benson,C,26,DET,59,0,1956,364,770,0.473,0,4,0.0,364,766,0.475,0.473,196,254,0.772,124,276,400,172,72,67,190,184,924
Henry Bibby,PG,31,SDC,73,0,1112,118,306,0.386,32,95,0.337,86,211,0.408,0.43799999999999994,67,98,0.684,25,49,74,200,47,2,76,85,335
Larry Bird*,PF,24,BOS,82,82,3239,719,1503,0.478,20,74,0.27,699,1429,0.489,0.485,283,328,0.863,191,704,895,451,161,63,289,239,1741
Otis Birdsong,SG,25,KCK,71,0,2593,710,1306,0.544,10,35,0.28600000000000003,700,1271,0.551,0.547,317,455,0.6970000000000001,119,139,258,233,93,18,173,172,1747
Norman Black,SG,23,DET,3,0,28,3,10,0.3,0,0,0.0,3,10,0.3,0.3,2,8,0.25,0,2,2,2,1,0,1,2,8
Ron Boone,SG,34,UTA,52,0,1146,160,371,0.431,11,39,0.282,149,332,0.449,0.446,75,94,0.7979999999999999,17,67,84,161,33,8,111,126,406
Winford Boynes,SG,23,DAL,44,0,757,121,313,0.387,0,0,0.0,121,313,0.387,0.387,45,55,0.818,24,51,75,37,23,16,69,79,287
Dudley Bradley,SG,23,IND,82,0,1867,265,559,0.474,2,16,0.125,263,543,0.484,0.47600000000000003,125,178,0.7020000000000001,70,123,193,188,186,37,122,236,657
Mike Bratz,PG,25,CLE,80,0,2595,319,817,0.39,57,169,0.337,262,648,0.40399999999999997,0.425,107,132,0.8109999999999999,66,132,198,452,136,17,162,194,802
Jim Brewer,PF,29,LAL,78,0,1107,101,197,0.513,0,2,0.0,101,195,0.518,0.513,15,40,0.375,127,154,281,55,43,58,48,158,217
Ron Brewer,SG,25,TOT,75,0,1452,275,631,0.436,1,7,0.14300000000000002,274,624,0.439,0.43700000000000006,91,114,0.7979999999999999,34,52,86,148,61,34,92,95,642
Junior Bridgeman,SF,27,MIL,77,0,2215,537,1102,0.48700000000000004,3,21,0.14300000000000002,534,1081,0.494,0.489,213,241,0.884,78,211,289,234,88,28,150,182,1290
Allan Bristow,SF,29,UTA,82,0,2001,271,611,0.444,5,18,0.278,266,593,0.449,0.44799999999999995,166,198,0.838,103,327,430,383,63,3,171,190,713
Dave Britton,PG,22,WSB,2,0,9,2,3,0.667,0,0,0.0,2,3,0.667,0.667,0,0,0.0,0,2,2,3,1,0,2,2,4
Michael Brooks,SF,22,SDC,82,0,2479,488,1018,0.479,0,6,0.0,488,1012,0.48200000000000004,0.479,226,320,0.706,210,232,442,208,99,31,163,234,1202
Fred Brown,SG,32,SEA,78,0,1986,505,1035,0.488,23,64,0.359,482,971,0.496,0.499,173,208,0.8320000000000001,53,122,175,233,88,13,131,141,1206
Lewis Brown,C,25,WSB,2,0,5,0,3,0.0,0,0,0.0,0,3,0.0,0.0,2,5,0.4,1,1,2,0,0,0,1,2,2
Rickey Brown,C,22,GSW,45,0,580,83,162,0.512,0,0,0.0,83,162,0.512,0.512,16,21,0.762,52,114,166,21,9,14,31,103,182
Joe Bryant,PF,26,SDC,82,0,2359,379,791,0.479,2,15,0.133,377,776,0.486,0.48,193,244,0.7909999999999999,146,294,440,189,72,34,176,264,953
Quinn Buckner,PG,26,MIL,82,0,2384,471,956,0.493,1,6,0.16699999999999998,470,950,0.495,0.493,149,203,0.7340000000000001,88,210,298,384,197,3,236,271,1092
Tom Burleson,C,28,ATL,31,0,363,41,99,0.414,0,0,0.0,41,99,0.414,0.414,20,41,0.488,44,50,94,12,8,19,24,73,102
Don Buse,SG,30,IND,58,0,1095,114,287,0.397,19,58,0.32799999999999996,95,229,0.415,0.43,50,65,0.769,19,65,84,140,74,8,38,61,297
Marty Byrnes,SF,24,DAL,72,0,1360,216,451,0.479,9,20,0.45,207,431,0.48,0.489,120,157,0.764,74,103,177,113,29,17,61,126,561
Mack Calvin,PG,33,CLE,21,0,128,13,39,0.33299999999999996,1,5,0.2,12,34,0.353,0.34600000000000003,25,35,0.7140000000000001,2,10,12,28,5,0,17,13,52
Austin Carr,SG,32,TOT,47,0,657,87,234,0.37200000000000005,0,7,0.0,87,227,0.38299999999999995,0.37200000000000005,34,54,0.63,22,39,61,58,15,2,41,53,208
Kenny Carr,PF,25,CLE,81,0,2615,469,918,0.511,0,4,0.0,469,914,0.513,0.511,292,409,0.7140000000000001,260,575,835,192,76,42,231,296,1230
M.L. Carr,SF,30,BOS,41,7,655,97,216,0.449,1,14,0.071,96,202,0.475,0.451,53,67,0.7909999999999999,26,57,83,56,30,18,47,74,248
Joe Barry Carroll,C,22,GSW,82,0,2919,616,1254,0.491,0,2,0.0,616,1252,0.49200000000000005,0.491,315,440,0.716,274,485,759,117,50,121,243,313,1547
Butch Carter,SF,22,LAL,54,0,672,114,247,0.462,3,10,0.3,111,237,0.46799999999999997,0.46799999999999997,70,95,0.737,34,31,65,52,23,1,50,99,301
Reggie Carter,SG,23,NYK,60,0,536,59,179,0.33,0,3,0.0,59,176,0.335,0.33,51,69,0.7390000000000001,30,39,69,76,22,2,38,68,169
Bill Cartwright,C,23,NYK,82,0,2925,619,1118,0.5539999999999999,0,1,0.0,619,1117,0.5539999999999999,0.5539999999999999,408,518,0.7879999999999999,161,452,613,111,48,83,200,259,1646
Harvey Catchings,PF,29,MIL,77,0,1635,134,300,0.447,0,0,0.0,134,300,0.447,0.447,59,92,0.6409999999999999,154,319,473,99,33,184,105,284,327
Maurice Cheeks*,PG,24,PHI,81,0,2415,310,581,0.534,3,8,0.375,307,573,0.536,0.536,140,178,0.787,67,178,245,560,193,39,174,231,763
Phil Chenier,SG,30,GSW,9,0,82,11,33,0.33299999999999996,1,3,0.33299999999999996,10,30,0.33299999999999996,0.348,6,6,1.0,1,7,8,7,0,0,4,10,29
Jim Chones,PF,31,LAL,82,0,2562,378,751,0.503,0,4,0.0,378,747,0.506,0.503,126,193,0.653,180,477,657,153,39,96,159,324,882
Art Collins,SG,26,ATL,29,0,395,35,99,0.354,0,2,0.0,35,97,0.361,0.354,24,36,0.667,19,22,41,25,11,1,32,35,94
Don Collins,SF,22,TOT,81,0,1845,360,811,0.444,0,6,0.0,360,805,0.447,0.444,211,272,0.7759999999999999,129,139,268,190,104,25,174,259,931
Doug Collins,SG,29,PHI,12,0,329,62,126,0.49200000000000005,0,0,0.0,62,126,0.49200000000000005,0.49200000000000005,24,29,0.828,6,23,29,42,7,4,22,23,148
Darwin Cook,SG,22,NJN,81,0,1980,383,819,0.46799999999999997,6,25,0.24,377,794,0.475,0.47100000000000003,132,180,0.733,96,140,236,297,141,36,176,197,904
Jeff Cook,SF,24,PHO,79,0,2192,286,616,0.46399999999999997,0,5,0.0,286,611,0.46799999999999997,0.46399999999999997,100,155,0.645,170,297,467,201,82,54,146,236,672
Michael Cooper,SG,24,LAL,81,0,2625,321,654,0.491,4,19,0.21100000000000002,317,635,0.499,0.494,117,149,0.785,121,215,336,332,133,78,164,249,763
Wayne Cooper,C,24,UTA,71,0,1420,213,471,0.452,1,3,0.33299999999999996,212,468,0.45299999999999996,0.45299999999999996,62,90,0.6890000000000001,166,274,440,52,18,51,77,219,489
Dave Corzine,C,24,SAS,82,0,1960,366,747,0.49,0,3,0.0,366,744,0.49200000000000005,0.49,125,175,0.7140000000000001,228,408,636,117,42,99,131,212,857
Charlie Criss,PG,32,ATL,66,0,1708,220,485,0.45399999999999996,1,21,0.048,219,464,0.47200000000000003,0.455,185,214,0.8640000000000001,26,74,100,283,61,3,134,87,626
Geoff Crompton,C,25,POR,6,0,33,4,8,0.5,0,0,0.0,4,8,0.5,0.5,1,5,0.2,7,11,18,2,0,2,5,4,9
Pat Cummings,C,24,MIL,74,0,1084,248,460,0.539,0,2,0.0,248,458,0.541,0.539,99,140,0.7070000000000001,97,195,292,62,31,19,114,192,595
Earl Cureton,C,23,PHI,52,0,528,93,205,0.45399999999999996,0,1,0.0,93,204,0.456,0.45399999999999996,33,64,0.516,51,104,155,25,20,23,29,68,219
Bob Dandridge,SF,33,WSB,23,0,545,101,237,0.426,0,1,0.0,101,236,0.428,0.426,28,39,0.718,19,64,83,60,16,9,33,54,230
Adrian Dantley*,SF,24,UTA,80,0,3417,909,1627,0.5589999999999999,2,7,0.28600000000000003,907,1620,0.56,0.5589999999999999,632,784,0.8059999999999999,192,317,509,322,109,18,282,245,2452
Brad Davis,PG,25,DAL,56,0,1686,230,410,0.561,3,17,0.17600000000000002,227,393,0.578,0.565,163,204,0.799,29,122,151,385,52,11,123,156,626
Johnny Davis,PG,25,IND,76,0,2536,426,917,0.465,4,33,0.121,422,884,0.47700000000000004,0.467,238,299,0.7959999999999999,56,114,170,480,95,14,167,179,1094
Monti Davis,PF,22,TOT,2,0,10,1,5,0.2,0,0,0.0,1,5,0.2,0.2,1,5,0.2,2,2,4,0,0,1,0,0,3
Ron Davis,SF,26,SDC,64,0,817,139,314,0.44299999999999995,2,8,0.25,137,306,0.44799999999999995,0.446,94,158,0.595,47,72,119,47,36,11,61,98,374
Walter Davis,SG,26,PHO,78,0,2182,593,1101,0.539,7,17,0.41200000000000003,586,1084,0.541,0.542,209,250,0.836,63,137,200,302,97,12,222,192,1402
Darryl Dawkins,C,24,PHI,76,0,2088,423,697,0.607,0,0,0.0,423,697,0.607,0.607,219,304,0.72,106,439,545,109,38,112,220,316,1065
Larry Demic,PF,23,NYK,76,0,964,128,254,0.504,0,2,0.0,128,252,0.508,0.504,58,92,0.63,114,129,243,28,12,13,58,153,314
Coby Dietrick,C,32,CHI,82,0,1243,146,320,0.456,2,6,0.33299999999999996,144,314,0.45899999999999996,0.45899999999999996,77,111,0.6940000000000001,79,186,265,118,48,53,88,176,371
James Donaldson,C,23,SEA,68,0,980,129,238,0.542,0,0,0.0,129,238,0.542,0.542,101,170,0.594,107,202,309,42,8,74,68,79,359
Jacky Dorsey,SF,26,SEA,29,0,253,20,70,0.28600000000000003,0,0,0.0,20,70,0.28600000000000003,0.28600000000000003,13,25,0.52,23,65,88,9,9,1,14,47,53
Leon Douglas,C,26,KCK,79,0,1356,185,323,0.573,0,3,0.0,185,320,0.578,0.573,102,186,0.5479999999999999,150,234,384,69,25,38,90,251,472
John Drew,SF,26,ATL,67,0,2075,500,1096,0.456,0,7,0.0,500,1089,0.45899999999999996,0.456,454,577,0.787,145,238,383,79,98,15,194,264,1454
Larry Drew,PG,22,DET,76,0,1581,197,484,0.40700000000000003,4,17,0.235,193,467,0.413,0.41100000000000003,106,133,0.797,24,96,120,249,88,7,166,125,504
Ralph Drollinger,C,26,DAL,6,0,67,7,14,0.5,0,0,0.0,7,14,0.5,0.5,1,4,0.25,5,14,19,14,1,2,13,16,15
Terry Duerod,SG-SF,24,TOT,50,0,451,104,234,0.444,8,16,0.5,96,218,0.44,0.462,31,41,0.7559999999999999,17,27,44,36,17,4,35,27,247
Mike Dunleavy,SG,26,HOU,74,0,1609,310,632,0.491,1,16,0.063,309,616,0.502,0.491,156,186,0.8390000000000001,28,90,118,268,64,2,137,165,777
T.R. Dunn,SG,25,DEN,82,0,1427,146,354,0.41200000000000003,0,2,0.0,146,352,0.415,0.41200000000000003,79,121,0.653,133,168,301,81,66,29,56,141,371
John Duren,PG,22,UTA,40,0,458,33,101,0.327,0,1,0.0,33,100,0.33,0.327,5,9,0.556,8,27,35,54,18,2,37,54,71
James Edwards,C,25,IND,81,0,2375,511,1004,0.509,0,3,0.0,511,1001,0.51,0.509,244,347,0.703,191,380,571,212,32,128,164,304,1266
Bob Elliott,C,25,NJN,73,0,1320,214,419,0.511,1,2,0.5,213,417,0.511,0.512,121,202,0.599,104,157,261,129,34,16,119,175,550
Len Elmore,C,28,MIL,72,0,925,76,212,0.358,0,0,0.0,76,212,0.358,0.358,54,75,0.72,68,140,208,69,37,52,44,178,206
Alex English*,SF,27,DEN,81,0,3093,768,1555,0.494,3,5,0.6,765,1550,0.494,0.495,390,459,0.85,273,373,646,290,106,100,241,255,1929
Julius Erving*,SF,30,PHI,82,0,2874,794,1524,0.521,4,18,0.222,790,1506,0.525,0.522,422,536,0.787,244,413,657,364,173,147,266,233,2014
Mike Evans,PG,25,MIL,71,0,911,134,291,0.46,2,14,0.14300000000000002,132,277,0.47700000000000004,0.46399999999999997,50,64,0.7809999999999999,22,65,87,167,34,4,72,114,320
Eric Fernsten,C,27,BOS,45,0,279,38,79,0.48100000000000004,0,0,0.0,38,79,0.48100000000000004,0.48100000000000004,20,30,0.667,29,33,62,10,6,7,20,29,96
Chris Ford,SG,32,BOS,82,75,2723,314,707,0.444,36,109,0.33,278,598,0.465,0.47,64,87,0.736,72,91,163,295,100,23,127,212,728
Don Ford,SF,28,CLE,64,0,996,100,224,0.446,0,3,0.0,100,221,0.452,0.446,22,24,0.917,74,90,164,84,15,12,49,100,222
Phil Ford,PG,24,KCK,66,0,2287,424,887,0.478,11,36,0.306,413,851,0.485,0.484,294,354,0.831,26,102,128,580,99,6,241,190,1153
World B. Free,SG,27,GSW,65,0,2370,516,1157,0.446,5,31,0.161,511,1126,0.45399999999999996,0.44799999999999995,528,649,0.8140000000000001,48,111,159,361,85,11,195,183,1565
Tony Fuller,SG,22,DET,15,0,248,24,66,0.364,0,1,0.0,24,65,0.369,0.364,12,16,0.75,13,29,42,28,10,1,23,25,60
Mike Gale,PG,30,TOT,77,0,1112,157,309,0.508,2,7,0.28600000000000003,155,302,0.513,0.511,55,68,0.809,16,83,99,169,94,7,77,117,371
Calvin Garrett,SF,24,HOU,70,0,1638,188,415,0.45299999999999996,1,3,0.33299999999999996,187,412,0.45399999999999996,0.45399999999999996,50,62,0.8059999999999999,85,179,264,132,50,10,90,167,427
Gus Gerard,SF,27,TOT,27,0,252,41,111,0.369,0,4,0.0,41,107,0.38299999999999995,0.369,27,40,0.675,30,37,67,15,10,9,15,41,109
George Gervin*,SG,28,SAS,82,0,2765,850,1729,0.49200000000000005,9,35,0.257,841,1694,0.496,0.494,512,620,0.826,126,293,419,260,94,56,251,212,2221
Artis Gilmore*,C,31,CHI,82,0,2832,547,816,0.67,0,0,0.0,547,816,0.67,0.67,375,532,0.705,220,608,828,172,47,198,236,295,1469
Mike Glenn,PG,25,NYK,82,0,1506,285,511,0.5579999999999999,4,11,0.364,281,500,0.562,0.562,98,110,0.8909999999999999,27,61,88,108,72,5,62,126,672
Mike Gminski,C,21,NJN,56,0,1579,291,688,0.423,0,1,0.0,291,687,0.424,0.423,155,202,0.767,137,282,419,72,54,100,128,127,737
Glen Gondrezick,PF,25,DEN,73,0,1077,155,329,0.47100000000000003,0,2,0.0,155,327,0.474,0.47100000000000003,112,137,0.818,136,171,307,83,91,20,69,185,422
Rickey Green,PG,26,UTA,47,0,1307,176,366,0.48100000000000004,0,1,0.0,176,365,0.48200000000000004,0.48100000000000004,70,97,0.722,30,86,116,235,75,1,83,123,422
Dave Greenwood,PF,23,CHI,82,0,2710,481,989,0.486,0,2,0.0,481,987,0.48700000000000004,0.486,217,290,0.748,243,481,724,218,77,124,192,282,1179
Kevin Grevey,SG,27,WSB,75,0,2616,500,1103,0.45299999999999996,45,136,0.331,455,967,0.47100000000000003,0.474,244,290,0.841,67,152,219,300,68,17,144,161,1289
Paul Griffin,PF,27,SAS,82,0,1930,166,325,0.511,0,0,0.0,166,325,0.511,0.511,170,253,0.672,184,321,505,249,77,38,132,207,502
Darrell Griffith,SG,22,UTA,81,0,2867,716,1544,0.46399999999999997,10,52,0.192,706,1492,0.473,0.467,229,320,0.716,79,209,288,194,106,40,231,219,1671
Bob Gross,SF,27,POR,82,0,1934,253,479,0.528,0,9,0.0,253,470,0.5379999999999999,0.528,135,159,0.8490000000000001,126,202,328,251,90,67,151,238,641
Ernie Grunfeld,SF,25,KCK,79,0,1584,260,486,0.535,0,0,0.0,260,486,0.535,0.535,75,101,0.743,31,175,206,205,60,15,88,155,595
Roy Hamilton,PG,23,POR,1,0,5,1,3,0.33299999999999996,0,0,0.0,1,3,0.33299999999999996,0.33299999999999996,1,2,0.5,2,1,3,0,0,0,1,1,3
Bill Hanzlik,SF,23,SEA,74,0,1259,138,289,0.478,1,5,0.2,137,284,0.48200000000000004,0.479,119,150,0.7929999999999999,67,86,153,111,58,20,84,168,396
Alan Hardy,SG,23,LAL,22,0,111,22,59,0.373,0,0,0.0,22,59,0.373,0.373,7,10,0.7,8,11,19,3,1,9,11,13,51
James Hardy,PF,24,UTA,23,0,509,52,111,0.46799999999999997,0,0,0.0,52,111,0.46799999999999997,0.46799999999999997,11,20,0.55,39,94,133,36,21,20,23,58,115
Mike Harper,PF,23,POR,55,0,461,56,136,0.41200000000000003,0,3,0.0,56,133,0.42100000000000004,0.41200000000000003,37,85,0.435,28,65,93,17,23,20,32,73,149
Joe Hassett,SG,25,TOT,41,0,714,143,340,0.42100000000000004,53,156,0.34,90,184,0.489,0.499,17,21,0.81,24,44,68,74,13,2,22,65,356
Steve Hawes,C,30,ATL,74,0,2309,333,637,0.523,1,4,0.25,332,633,0.524,0.524,222,278,0.799,165,396,561,168,73,32,161,289,889
Elvin Hayes*,PF,35,WSB,81,0,2931,584,1296,0.451,0,10,0.0,584,1286,0.45399999999999996,0.451,271,439,0.617,235,554,789,98,68,171,189,300,1439
Gar Heard,PF,32,SDC,78,0,1631,149,396,0.376,0,7,0.0,149,389,0.38299999999999995,0.376,79,101,0.782,120,228,348,122,104,72,81,196,377
Gerald Henderson,PG,25,BOS,82,10,1608,261,579,0.451,1,16,0.063,260,563,0.462,0.452,113,157,0.72,43,89,132,213,79,12,160,177,636
Tom Henderson,SG,29,HOU,66,0,1411,137,332,0.413,0,3,0.0,137,329,0.41600000000000004,0.413,78,95,0.821,30,74,104,307,53,4,93,111,352
Keith Herron,SG,24,DET,80,0,2270,432,954,0.45299999999999996,2,11,0.182,430,943,0.456,0.45399999999999996,228,267,0.8540000000000001,98,113,211,148,91,26,153,154,1094
Kenny Higgs,PG,26,DEN,72,0,1689,209,474,0.441,4,34,0.11800000000000001,205,440,0.466,0.445,140,172,0.8140000000000001,24,121,145,408,101,6,166,243,562
Johnny High,PG,23,PHO,81,0,1750,246,576,0.42700000000000005,2,24,0.083,244,552,0.442,0.429,183,264,0.693,89,139,228,202,129,26,188,251,677
Armond Hill,PG,27,TOT,75,0,1738,117,335,0.349,0,7,0.0,117,328,0.35700000000000004,0.349,141,172,0.82,41,118,159,292,66,11,127,207,375
Brad Holland,SG,24,LAL,41,0,295,47,111,0.423,1,3,0.33299999999999996,46,108,0.426,0.428,35,49,0.7140000000000001,9,20,29,23,21,1,31,44,130
Lionel Hollins,PG,27,PHI,82,0,2154,327,696,0.47,2,15,0.133,325,681,0.47700000000000004,0.47100000000000003,125,171,0.731,47,144,191,352,104,18,207,205,781
Cedrick Hordges,PF,24,DEN,68,0,1599,221,480,0.46,0,3,0.0,221,477,0.46299999999999997,0.46,130,186,0.6990000000000001,120,338,458,104,33,19,120,226,572
Phil Hubbard,PF,24,DET,80,0,2289,433,880,0.49200000000000005,1,3,0.33299999999999996,432,877,0.493,0.493,294,426,0.69,236,350,586,150,80,20,229,317,1161
Kim Hughes,C,28,TOT,53,0,490,27,70,0.386,0,0,0.0,27,70,0.386,0.386,1,2,0.5,48,79,127,35,28,35,44,106,55
Geoff Huston,PG,23,TOT,81,0,2434,461,942,0.489,1,5,0.2,460,937,0.491,0.49,150,212,0.708,45,93,138,394,58,7,179,148,1073
Dan Issel*,C,32,DEN,80,0,2641,614,1220,0.503,2,12,0.16699999999999998,612,1208,0.507,0.504,519,684,0.759,229,447,676,158,83,53,130,249,1749
Tony Jackson,PG,23,LAL,2,0,14,1,3,0.33299999999999996,0,0,0.0,1,3,0.33299999999999996,0.33299999999999996,0,0,0.0,0,2,2,2,2,0,0,1,2
Abdul Jeelani,SF,26,DAL,66,0,1108,187,440,0.425,0,1,0.0,187,439,0.426,0.425,179,220,0.8140000000000001,83,147,230,65,44,31,87,123,553
Clemon Johnson,C,24,IND,81,0,1643,235,466,0.504,0,1,0.0,235,465,0.505,0.504,112,189,0.593,173,295,468,144,44,119,121,185,582
Dennis Johnson*,PG,26,PHO,79,0,2615,532,1220,0.436,11,51,0.21600000000000003,521,1169,0.446,0.441,411,501,0.82,160,203,363,291,136,61,208,244,1486
Eddie Johnson,SG,25,ATL,75,0,2693,573,1136,0.504,6,20,0.3,567,1116,0.508,0.507,279,356,0.784,60,119,179,407,126,11,197,188,1431
George Johnson,C,32,SAS,82,0,1935,164,347,0.473,0,0,0.0,164,347,0.473,0.473,80,109,0.7340000000000001,215,387,602,92,47,278,110,273,408
George Johnson,PF,24,IND,43,0,930,182,394,0.462,0,5,0.0,182,389,0.46799999999999997,0.462,93,122,0.762,99,179,278,86,47,23,85,120,457
John Johnson,SF,33,SEA,80,0,2324,373,866,0.431,0,1,0.0,373,865,0.431,0.431,173,214,0.8079999999999999,135,227,362,312,57,25,230,202,919
Lee Johnson,PF,23,TOT,12,0,90,7,25,0.28,0,0,0.0,7,25,0.28,0.28,3,5,0.6,6,16,22,1,0,5,7,18,17
Magic Johnson*,SG,21,LAL,37,0,1371,312,587,0.532,3,17,0.17600000000000002,309,570,0.542,0.534,171,225,0.76,101,219,320,317,127,27,143,100,798
Marques Johnson,SF,24,MIL,76,0,2542,636,1153,0.552,0,9,0.0,636,1144,0.556,0.552,269,381,0.706,225,293,518,346,115,41,190,196,1541
Mickey Johnson,PF,28,MIL,82,0,2118,379,846,0.44799999999999995,3,18,0.16699999999999998,376,828,0.45399999999999996,0.45,262,332,0.789,183,362,545,286,94,71,230,256,1023
Ollie Johnson,SF,31,PHI,40,0,372,87,158,0.551,1,6,0.16699999999999998,86,152,0.5660000000000001,0.5539999999999999,27,31,0.871,8,47,55,30,20,2,25,45,202
Reggie Johnson,PF,23,SAS,79,0,1716,340,682,0.499,0,1,0.0,340,681,0.499,0.499,128,193,0.6629999999999999,132,226,358,78,45,48,130,283,808
Vinnie Johnson,PG,24,SEA,81,0,2311,419,785,0.534,1,5,0.2,418,780,0.536,0.534,214,270,0.7929999999999999,193,173,366,341,78,20,216,198,1053
Bobby Jones*,PF,29,PHI,81,0,2046,407,755,0.539,0,3,0.0,407,752,0.541,0.539,282,347,0.813,142,293,435,226,95,74,149,226,1096
Caldwell Jones,C,30,PHI,81,0,2639,218,485,0.449,0,0,0.0,218,485,0.449,0.449,148,193,0.767,200,613,813,122,53,134,168,271,584
Dwight Jones,PF,28,CHI,81,0,1574,245,507,0.483,0,0,0.0,245,507,0.483,0.483,125,161,0.7759999999999999,127,274,401,99,40,36,126,200,615
Edgar Jones,PF,24,NJN,60,0,950,189,357,0.529,0,4,0.0,189,353,0.535,0.529,146,218,0.67,92,171,263,43,36,81,101,185,524
Major Jones,PF,27,HOU,68,0,1003,117,252,0.46399999999999997,0,1,0.0,117,251,0.466,0.46399999999999997,64,101,0.634,96,138,234,41,18,23,57,112,298
Eddie Jordan,PG,26,TOT,74,0,1226,150,352,0.426,6,22,0.273,144,330,0.436,0.435,87,127,0.685,30,68,98,241,98,8,143,165,393
Walter Jordan,SF,24,CLE,30,0,207,29,75,0.387,0,0,0.0,29,75,0.387,0.387,10,17,0.588,23,19,42,11,11,5,17,35,68
Jeff Judkins,SF,24,UTA,62,0,666,92,216,0.426,9,28,0.321,83,188,0.441,0.447,45,51,0.882,29,64,93,59,16,2,30,84,238
Clarence Kea,PF,21,DAL,16,0,199,37,81,0.457,0,1,0.0,37,80,0.46299999999999997,0.457,43,62,0.6940000000000001,28,39,67,5,6,1,16,44,117
Rich Kelley,C,27,PHO,81,0,1686,196,387,0.506,0,2,0.0,196,385,0.509,0.506,175,231,0.758,131,310,441,282,79,63,209,210,567
Greg Kelser,SF,23,DET,25,0,654,120,285,0.42100000000000004,0,2,0.0,120,283,0.424,0.42100000000000004,68,106,0.642,53,67,120,45,34,29,78,89,308
Larry Kenon,SF,28,CHI,77,0,2161,454,946,0.48,0,0,0.0,454,946,0.48,0.48,180,245,0.735,179,219,398,120,75,18,161,160,1088
Chad Kinch,SG,22,TOT,41,0,353,52,141,0.369,0,0,0.0,52,141,0.369,0.369,14,18,0.778,7,26,33,45,11,6,30,33,118
Bernard King*,SF,24,GSW,81,0,2914,731,1244,0.588,2,6,0.33299999999999996,729,1238,0.589,0.588,307,437,0.703,178,373,551,287,72,34,265,304,1771
Reggie King,PF,23,KCK,81,0,2743,472,867,0.544,0,0,0.0,472,867,0.544,0.544,264,386,0.684,235,551,786,122,102,41,164,227,1208
Billy Knight,SG,28,IND,82,0,2385,546,1025,0.5329999999999999,3,19,0.158,543,1006,0.54,0.534,341,410,0.8320000000000001,191,219,410,157,84,12,177,155,1436
Joel Kramer,PF,25,PHO,82,0,1065,136,258,0.527,0,1,0.0,136,257,0.529,0.527,63,91,0.6920000000000001,77,155,232,88,35,17,67,132,335
Wayne Kreklow,SG,24,BOS,25,0,100,11,47,0.23399999999999999,1,4,0.25,10,43,0.233,0.245,7,10,0.7,2,10,12,9,2,1,10,20,30
Kevin Kunnert,C,29,POR,55,0,842,101,216,0.46799999999999997,0,0,0.0,101,216,0.46799999999999997,0.46799999999999997,42,54,0.778,98,189,287,67,17,32,50,143,244
Mitch Kupchak,PF,26,WSB,82,0,1934,392,747,0.525,0,1,0.0,392,746,0.525,0.525,240,340,0.706,198,371,569,62,36,26,161,195,1024
Sam Lacey,C,32,KCK,82,0,2228,237,536,0.442,1,5,0.2,236,531,0.444,0.44299999999999995,92,117,0.7859999999999999,131,453,584,399,95,120,182,302,567
Tom LaGarde,C,25,DAL,82,0,2670,417,888,0.47,0,0,0.0,417,888,0.47,0.47,288,444,0.649,177,488,665,237,35,45,206,293,1122
Bill Laimbeer,C,23,CLE,81,0,2460,337,670,0.503,0,0,0.0,337,670,0.503,0.503,117,153,0.765,266,427,693,216,56,78,132,332,791
John Lambert,PF,28,TOT,46,0,483,68,165,0.41200000000000003,0,2,0.0,68,163,0.41700000000000004,0.41200000000000003,18,23,0.7829999999999999,28,65,93,27,12,5,19,76,154
Mark Landsberger,PF,25,LAL,69,0,1086,164,327,0.502,0,1,0.0,164,326,0.503,0.502,62,116,0.534,152,225,377,27,19,6,65,135,390
Bob Lanier*,C,32,MIL,67,0,1753,376,716,0.525,1,1,1.0,375,715,0.524,0.526,208,277,0.7509999999999999,128,285,413,179,73,81,139,184,961
Edmund Lawrence,C,28,DET,3,0,19,5,8,0.625,0,0,0.0,5,8,0.625,0.625,2,4,0.5,2,2,4,1,1,0,1,6,12
Allen Leavell,PG,23,HOU,79,0,1686,258,548,0.47100000000000003,2,17,0.11800000000000001,256,531,0.48200000000000004,0.473,124,149,0.8320000000000001,30,104,134,384,97,15,189,160,642
Ron Lee,PG,28,DET,82,0,1829,113,323,0.35,2,13,0.154,111,310,0.358,0.353,113,156,0.7240000000000001,65,155,220,362,166,29,173,260,341
Ronnie Lester,PG,22,CHI,8,0,83,10,24,0.41700000000000004,0,0,0.0,10,24,0.41700000000000004,0.41700000000000004,10,11,0.909,3,3,6,7,2,0,9,5,30
Scott Lloyd,C,28,DAL,72,0,2186,245,547,0.44799999999999995,0,2,0.0,245,545,0.45,0.44799999999999995,147,205,0.7170000000000001,161,293,454,159,34,25,145,269,637
John Long,SG,24,DET,59,0,1750,441,957,0.461,2,11,0.182,439,946,0.46399999999999997,0.462,160,184,0.87,95,102,197,106,95,22,151,164,1044
John Lucas,PG,27,GSW,66,0,1919,222,506,0.439,4,24,0.16699999999999998,218,482,0.452,0.44299999999999995,107,145,0.738,34,120,154,464,83,2,185,140,555
Maurice Lucas,PF,28,NJN,68,0,2162,404,835,0.484,0,2,0.0,404,833,0.485,0.484,191,254,0.752,153,422,575,173,57,59,176,260,999
Ollie Mack,SG,23,TOT,65,0,1682,279,606,0.46,0,9,0.0,279,597,0.467,0.46,80,125,0.64,92,138,230,163,56,7,70,117,638
Kyle Macy,PG,23,PHO,82,0,1469,272,532,0.511,12,51,0.235,260,481,0.541,0.523,107,119,0.899,44,88,132,160,76,5,95,120,663
Rick Mahorn,PF,22,WSB,52,0,696,111,219,0.507,0,0,0.0,111,219,0.507,0.507,27,40,0.675,67,148,215,25,21,44,38,134,249
Moses Malone*,C,25,HOU,80,0,3245,806,1545,0.522,1,3,0.33299999999999996,805,1542,0.522,0.522,609,804,0.757,474,706,1180,141,83,150,308,223,2222
Wes Matthews,PG,21,TOT,79,0,2266,385,779,0.494,5,21,0.23800000000000002,380,758,0.501,0.49700000000000005,202,252,0.802,46,93,139,411,107,17,261,242,977
Cedric Maxwell,SF,25,BOS,81,81,2730,441,750,0.588,0,1,0.0,441,749,0.589,0.588,352,450,0.782,222,303,525,219,79,68,180,256,1234
Scott May,SF,26,CHI,63,0,815,165,338,0.488,0,0,0.0,165,338,0.488,0.488,113,149,0.758,62,93,155,63,35,7,71,83,443
Bill Mayfield,SF,23,GSW,7,0,54,8,18,0.444,0,0,0.0,8,18,0.444,0.444,1,2,0.5,7,2,9,1,0,1,3,8,17
Bob McAdoo*,PF,29,TOT,16,0,321,68,157,0.433,0,1,0.0,68,156,0.436,0.433,29,41,0.7070000000000001,17,50,67,30,17,13,32,38,165
Andre McCarter,PG,27,WSB,43,0,448,51,135,0.37799999999999995,2,8,0.25,49,127,0.386,0.385,18,24,0.75,16,23,39,73,14,0,24,36,122
Keith McCord,SG,23,WSB,2,0,9,2,4,0.5,0,0,0.0,2,4,0.5,0.5,0,0,0.0,1,1,2,1,0,0,2,0,4
Jim McElroy,PG,27,ATL,54,0,680,78,202,0.386,1,8,0.125,77,194,0.397,0.389,48,59,0.8140000000000001,10,38,48,84,20,9,79,62,205
George McGinnis*,PF,30,IND,69,0,1845,348,768,0.45299999999999996,0,7,0.0,348,761,0.457,0.45299999999999996,207,385,0.5379999999999999,164,364,528,210,99,28,221,242,903
Kevin McHale*,PF,23,BOS,82,1,1645,355,666,0.5329999999999999,0,2,0.0,355,664,0.535,0.5329999999999999,108,159,0.679,155,204,359,55,27,151,110,260,818
Billy McKinney,PG,25,TOT,84,0,2166,327,645,0.507,2,12,0.16699999999999998,325,633,0.513,0.509,162,188,0.862,36,148,184,360,99,11,158,231,818
Tom McMillen,C,28,ATL,79,0,1564,253,519,0.48700000000000004,1,6,0.16699999999999998,252,513,0.491,0.488,80,108,0.741,96,199,295,72,23,25,81,165,587
John Mengelt,SG,31,GSW,2,0,11,0,4,0.0,0,0,0.0,0,4,0.0,0.0,0,0,0.0,0,0,0,2,0,0,0,0,0
Joe Meriweather,C,27,KCK,74,0,1514,206,415,0.496,0,0,0.0,206,415,0.496,0.496,148,213,0.695,126,267,393,77,27,80,125,219,560
Dick Miller,SF,22,TOT,8,0,53,4,9,0.444,0,1,0.0,4,8,0.5,0.444,0,0,0.0,2,5,7,5,4,0,8,5,8
Mike Mitchell,SF,25,CLE,82,0,3194,853,1791,0.47600000000000003,4,9,0.444,849,1782,0.47600000000000003,0.47700000000000004,302,385,0.784,215,287,502,139,63,52,175,199,2012
Steve Mix,SF,33,PHI,72,0,1327,288,575,0.501,0,3,0.0,288,572,0.503,0.501,200,240,0.833,105,159,264,114,59,18,88,107,776
Paul Mokeski,C,24,DET,80,0,1815,224,458,0.489,0,1,0.0,224,457,0.49,0.489,120,200,0.6,141,277,418,135,38,73,160,267,568
Sidney Moncrief*,SG,23,MIL,80,0,2417,400,739,0.541,2,9,0.222,398,730,0.545,0.5429999999999999,320,398,0.804,186,220,406,264,90,37,145,156,1122
Johnny Moore,PG,22,SAS,82,0,1578,249,520,0.479,1,19,0.053,248,501,0.495,0.48,105,172,0.61,58,138,196,373,120,22,154,178,604
Lowes Moore,PG,23,NJN,71,0,1406,212,478,0.444,4,27,0.14800000000000002,208,451,0.461,0.44799999999999995,69,92,0.75,43,125,168,228,61,17,108,179,497
Calvin Murphy*,PG,32,HOU,76,0,2014,528,1074,0.49200000000000005,4,17,0.235,524,1057,0.496,0.493,206,215,0.958,33,54,87,222,111,6,129,209,1266
Swen Nater,C,31,SDC,82,0,2809,517,935,0.5529999999999999,0,0,0.0,517,935,0.5529999999999999,0.5529999999999999,244,307,0.795,295,722,1017,199,49,46,211,295,1278
Calvin Natt,SF,24,POR,74,0,2111,395,794,0.49700000000000005,4,8,0.5,391,786,0.49700000000000005,0.5,200,283,0.7070000000000001,149,282,431,159,73,18,163,188,994
Kenny Natt,SG,22,IND,19,0,149,25,77,0.325,2,8,0.25,23,69,0.33299999999999996,0.33799999999999997,7,11,0.636,9,6,15,10,5,1,10,18,59
Mike Newlin,SG,32,NJN,79,0,2911,632,1272,0.49700000000000005,10,30,0.33299999999999996,622,1242,0.501,0.501,414,466,0.888,78,141,219,299,87,9,248,237,1688
Carl Nicks,PG,22,TOT,67,0,1109,172,359,0.479,0,4,0.0,172,355,0.485,0.479,71,126,0.563,37,73,110,149,60,3,116,141,415
Mike Niles,SF,25,PHO,44,0,231,48,138,0.348,2,4,0.5,46,134,0.34299999999999997,0.355,17,37,0.45899999999999996,26,32,58,15,8,1,25,41,115
Norm Nixon,PG,25,LAL,79,0,2962,576,1210,0.47600000000000003,2,12,0.16699999999999998,574,1198,0.479,0.47700000000000004,196,252,0.778,64,168,232,696,146,11,285,226,1350
Mike O'Koren,SF,22,NJN,79,0,2473,365,751,0.486,5,18,0.278,360,733,0.491,0.489,135,212,0.637,179,299,478,252,86,27,146,243,870
Mark Olberding,SF,24,SAS,82,0,2408,348,685,0.508,1,7,0.14300000000000002,347,678,0.512,0.509,315,380,0.8290000000000001,146,325,471,277,75,31,202,307,1012
Jawann Oldham,C,23,DEN,4,0,21,2,6,0.33299999999999996,0,0,0.0,2,6,0.33299999999999996,0.33299999999999996,0,0,0.0,3,2,5,0,0,2,2,3,4
Louis Orr,SF,22,IND,82,0,1787,348,709,0.491,0,6,0.0,348,703,0.495,0.491,163,202,0.807,172,189,361,132,55,25,123,153,859
Tom Owens,PF,31,POR,79,0,1843,322,630,0.511,0,4,0.0,322,626,0.514,0.511,191,250,0.764,165,291,456,140,36,47,130,273,835
Robert Parish*,C,27,BOS,82,78,2298,635,1166,0.545,0,1,0.0,635,1165,0.545,0.545,282,397,0.71,245,532,777,144,81,214,191,310,1552
Sonny Parker,SG,25,GSW,73,0,1317,191,388,0.49200000000000005,0,0,0.0,191,388,0.49200000000000005,0.49200000000000005,94,128,0.7340000000000001,101,93,194,106,67,13,84,112,476
Myles Patrick,SF,26,LAL,3,0,9,2,5,0.4,0,0,0.0,2,5,0.4,0.4,1,2,0.5,1,1,2,1,0,0,1,3,5
Billy Paultz,PF,32,HOU,81,0,1659,262,517,0.507,0,3,0.0,262,514,0.51,0.507,75,153,0.49,111,280,391,105,28,72,89,182,599
Jim Paxson,SG,23,POR,79,0,2701,585,1092,0.536,2,30,0.067,583,1062,0.5489999999999999,0.537,182,248,0.7340000000000001,74,137,211,299,140,9,131,172,1354
Sam Pellom,PF,29,ATL,77,0,1472,186,380,0.489,0,1,0.0,186,379,0.491,0.489,81,116,0.698,122,234,356,48,50,92,99,228,453
Roger Phegley,SG,24,CLE,82,0,2269,474,965,0.491,8,28,0.28600000000000003,466,937,0.49700000000000005,0.495,224,267,0.8390000000000001,90,156,246,184,65,15,165,262,1180
Stan Pietkiewicz,SG,24,TOT,42,0,461,57,138,0.413,19,48,0.396,38,90,0.42200000000000004,0.48200000000000004,11,14,0.7859999999999999,13,29,42,77,15,2,22,28,144
Ben Poquette,PF,25,UTA,82,0,2808,324,614,0.528,3,6,0.5,321,608,0.528,0.53,126,162,0.778,160,469,629,161,67,174,122,342,777
Kevin Porter,PG,30,WSB,81,0,2577,446,859,0.519,3,12,0.25,443,847,0.523,0.521,191,247,0.773,35,89,124,734,110,10,251,257,1086
Tony Price,SG,24,SDC,5,0,29,2,7,0.28600000000000003,0,0,0.0,2,7,0.28600000000000003,0.28600000000000003,0,0,0.0,0,0,0,3,2,1,2,3,4
Wally Rank,SF,22,SDC,25,0,153,21,57,0.368,0,0,0.0,21,57,0.368,0.368,13,28,0.46399999999999997,17,13,30,17,7,1,26,33,55
Kelvin Ransey,PG,22,POR,80,0,2431,525,1162,0.452,3,31,0.09699999999999999,522,1131,0.462,0.45299999999999996,164,219,0.7490000000000001,42,153,195,555,88,9,232,201,1217
Clifford Ray,C,32,GSW,66,0,838,64,152,0.42100000000000004,0,0,0.0,64,152,0.42100000000000004,0.42100000000000004,29,62,0.46799999999999997,73,144,217,52,24,13,74,194,157
James Ray,PF,23,DEN,18,0,148,15,49,0.306,0,1,0.0,15,48,0.313,0.306,7,10,0.7,13,24,37,11,4,4,13,31,37
Billy Reid,SG,23,GSW,59,0,597,84,185,0.45399999999999996,0,5,0.0,84,180,0.467,0.45399999999999996,22,39,0.564,27,33,60,71,33,5,78,111,190
Robert Reid,SF,25,HOU,82,0,2963,536,1113,0.48200000000000004,0,4,0.0,536,1109,0.483,0.48200000000000004,229,303,0.7559999999999999,164,419,583,344,163,66,198,325,1301
Kevin Restani,SF,29,SAS,64,0,999,192,369,0.52,3,8,0.375,189,361,0.524,0.524,62,88,0.705,71,103,174,81,16,14,68,103,449
Clint Richardson,SG,24,PHI,77,0,1313,227,464,0.489,0,1,0.0,227,463,0.49,0.489,84,108,0.778,83,93,176,152,36,10,110,102,538
Micheal Ray Richardson,SG,25,NYK,79,0,3175,523,1116,0.469,23,102,0.225,500,1014,0.493,0.479,224,338,0.6629999999999999,173,372,545,627,232,35,302,258,1293
Anthony Roberts,SF,25,WSB,26,0,350,54,144,0.375,0,0,0.0,54,144,0.375,0.375,19,29,0.655,18,50,68,20,11,0,28,52,127
Rick Robey,C,25,BOS,82,4,1569,298,547,0.545,0,1,0.0,298,546,0.546,0.545,144,251,0.574,132,258,390,126,38,19,141,204,740
Cliff Robinson,PF,20,NJN,63,0,1822,525,1070,0.491,1,1,1.0,524,1069,0.49,0.491,178,248,0.718,120,361,481,105,58,52,182,216,1229
Truck Robinson,PF,29,PHO,82,0,3088,647,1280,0.505,0,0,0.0,647,1280,0.505,0.505,249,396,0.629,216,573,789,206,68,38,250,220,1543
Wayne Robinson,PF,22,DET,81,0,1592,234,509,0.46,0,6,0.0,234,503,0.465,0.46,175,240,0.7290000000000001,117,177,294,112,46,24,149,186,643
Bill Robinzine,PF,28,TOT,78,0,2016,392,826,0.475,1,6,0.16699999999999998,391,820,0.47700000000000004,0.475,218,281,0.7759999999999999,168,365,533,118,75,9,187,275,1003
Dave Robisch,C,31,TOT,84,0,2116,330,740,0.446,0,0,0.0,330,740,0.446,0.446,200,247,0.81,157,342,499,173,37,34,83,173,860
John Roche,PG,31,DEN,26,0,611,82,179,0.45799999999999996,9,27,0.33299999999999996,73,152,0.48,0.483,58,77,0.753,5,32,37,140,17,8,52,44,231
Tree Rollins,C,25,ATL,40,0,1044,116,210,0.552,0,1,0.0,116,209,0.555,0.552,46,57,0.807,102,184,286,35,29,117,57,151,278
Lorenzo Romar,PG,22,GSW,53,0,726,87,211,0.41200000000000003,2,6,0.33299999999999996,85,205,0.415,0.41700000000000004,43,63,0.6829999999999999,10,46,56,136,27,3,52,64,219
Dan Roundfield,PF,27,ATL,63,0,2128,426,808,0.527,0,1,0.0,426,807,0.528,0.527,256,355,0.721,231,403,634,161,76,119,178,258,1108
Campy Russell,SF,29,NYK,79,0,2865,508,1095,0.46399999999999997,8,26,0.308,500,1069,0.46799999999999997,0.46799999999999997,268,343,0.7809999999999999,109,244,353,257,99,8,212,248,1292
Frankie Sanders,SF,24,KCK,23,0,186,34,77,0.442,0,0,0.0,34,77,0.442,0.442,20,22,0.909,6,15,21,17,16,1,21,20,88
DeWayne Scales,PF,22,NYK,44,0,484,94,225,0.418,1,6,0.16699999999999998,93,219,0.425,0.42,26,39,0.667,47,85,132,10,12,4,30,54,215
Alvin Scott,SF,25,PHO,82,0,1423,173,348,0.49700000000000005,1,6,0.16699999999999998,172,342,0.503,0.499,97,127,0.764,101,167,268,114,60,70,77,124,444
Craig Shelton,SF,23,ATL,55,0,586,100,219,0.457,0,1,0.0,100,218,0.45899999999999996,0.457,35,58,0.603,59,79,138,27,18,5,61,128,235
Lonnie Shelton,PF,25,SEA,14,0,440,73,174,0.42,0,0,0.0,73,174,0.42,0.42,36,55,0.655,31,47,78,35,22,3,41,48,182
Purvis Short,SF,23,GSW,79,0,2309,549,1157,0.475,3,17,0.17600000000000002,546,1140,0.479,0.47600000000000003,168,205,0.82,151,240,391,249,78,19,143,244,1269
John Shumate,PF,28,TOT,24,0,527,56,131,0.42700000000000005,0,0,0.0,56,131,0.42700000000000005,0.42700000000000005,55,76,0.7240000000000001,34,54,88,24,21,9,42,49,167
Jerry Sichting,PG,24,IND,47,0,450,34,95,0.358,0,5,0.0,34,90,0.37799999999999995,0.358,25,32,0.7809999999999999,11,32,43,70,23,1,28,38,93
Jack Sikma*,C,25,SEA,82,0,2920,595,1311,0.45399999999999996,0,5,0.0,595,1306,0.456,0.45399999999999996,340,413,0.823,184,668,852,248,78,93,201,282,1530
James Silas,PG,31,SAS,75,0,2055,476,997,0.47700000000000004,0,2,0.0,476,995,0.478,0.47700000000000004,374,440,0.85,44,187,231,285,51,12,159,129,1326
Larry Smith,PF,23,GSW,82,0,2578,304,594,0.512,0,0,0.0,304,594,0.512,0.512,177,301,0.588,433,561,994,93,70,63,146,316,785
Phil Smith,SG,28,SDC,76,0,2378,519,1057,0.491,4,18,0.222,515,1039,0.496,0.493,237,313,0.757,49,107,156,372,84,18,176,231,1279
Randy Smith,SG,32,CLE,82,0,2199,486,1043,0.466,1,28,0.036000000000000004,485,1015,0.478,0.466,221,271,0.815,46,147,193,357,113,14,195,132,1194
Robert Smith,PG,25,CLE,1,0,20,2,5,0.4,0,0,0.0,2,5,0.4,0.4,4,4,1.0,1,2,3,3,0,0,3,6,8
Ricky Sobers,PG,28,CHI,71,0,1803,355,769,0.462,17,66,0.258,338,703,0.48100000000000004,0.473,231,247,0.935,46,98,144,284,98,17,206,225,958
Jim Spanarkel,SF,23,DAL,82,0,2317,404,866,0.467,1,10,0.1,403,856,0.47100000000000003,0.467,375,423,0.887,142,155,297,232,117,20,172,230,1184
Rory Sparrow,PG,22,NJN,15,0,212,22,63,0.349,0,0,0.0,22,63,0.349,0.349,12,16,0.75,7,11,18,32,13,3,18,15,56
John Stroud,SF,23,HOU,9,0,88,11,34,0.324,0,0,0.0,11,34,0.324,0.324,3,4,0.75,7,6,13,9,1,0,4,7,25
Brian Taylor,PG,29,SDC,80,0,2312,310,591,0.525,44,115,0.38299999999999995,266,476,0.5589999999999999,0.562,146,185,0.789,58,93,151,440,118,23,111,212,810
Carlos Terry,SG,24,WSB,26,0,504,80,160,0.5,0,6,0.0,80,154,0.519,0.5,28,42,0.667,43,73,116,70,27,13,57,68,188
Reggie Theus,SG,23,CHI,82,0,2820,543,1097,0.495,18,90,0.2,525,1007,0.521,0.503,445,550,0.809,124,163,287,426,122,20,259,258,1549
David Thompson*,SG,26,DEN,77,0,2620,734,1451,0.506,10,39,0.256,724,1412,0.513,0.509,489,615,0.795,107,180,287,231,53,60,250,231,1967
Mychal Thompson,C,26,POR,79,0,2790,569,1151,0.494,0,1,0.0,569,1150,0.495,0.494,207,323,0.6409999999999999,223,463,686,284,62,170,241,260,1345
Rudy Tomjanovich,PF,32,HOU,52,0,1264,263,563,0.467,12,51,0.235,251,512,0.49,0.478,65,82,0.7929999999999999,78,130,208,81,19,6,58,121,603
Andrew Toney,SG,23,PHI,75,0,1768,399,806,0.495,9,29,0.31,390,777,0.502,0.501,161,226,0.7120000000000001,32,111,143,273,59,10,219,234,968
Terry Tyler,SF,24,DET,82,0,2549,476,895,0.532,0,8,0.0,476,887,0.537,0.532,148,250,0.5920000000000001,198,369,567,136,112,180,163,215,1100
Wes Unseld*,C,34,WSB,63,0,2032,225,429,0.524,2,4,0.5,223,425,0.525,0.527,55,86,0.64,207,466,673,170,52,36,97,171,507
Ronnie Valentine,SF,23,DEN,24,0,123,37,98,0.37799999999999995,1,2,0.5,36,96,0.375,0.38299999999999995,9,19,0.474,10,20,30,7,7,4,16,23,84
Jan van Breda Kolff,SF,29,NJN,78,0,1426,100,245,0.408,2,8,0.25,98,237,0.414,0.41200000000000003,98,117,0.838,48,154,202,129,38,50,108,214,300
Kiki Vandeweghe,SF,22,DEN,51,0,1376,229,537,0.426,0,7,0.0,229,530,0.43200000000000005,0.426,130,159,0.818,86,184,270,94,29,24,86,116,588
Brett Vroman,C,25,UTA,11,0,93,10,27,0.37,0,1,0.0,10,26,0.385,0.37,14,19,0.737,7,18,25,9,5,5,9,26,34
Foots Walker,PG,29,NJN,41,0,1172,72,169,0.426,2,9,0.222,70,160,0.43799999999999994,0.43200000000000005,88,111,0.7929999999999999,22,80,102,253,52,1,85,105,234
Wally Walker,SF,26,SEA,82,0,1796,290,626,0.46299999999999997,0,3,0.0,290,623,0.465,0.46299999999999997,109,169,0.645,105,210,315,122,53,15,115,168,689
Lloyd Walton,PG,27,KCK,61,0,821,90,218,0.413,0,1,0.0,90,217,0.415,0.413,26,33,0.7879999999999999,13,35,48,208,32,2,80,45,206
Kermit Washington,PF,29,POR,73,0,2120,325,571,0.569,0,1,0.0,325,570,0.57,0.569,181,288,0.628,236,450,686,149,85,86,144,258,831
Richard Washington,PF,25,TOT,80,0,1812,340,747,0.455,1,2,0.5,339,745,0.455,0.456,119,159,0.748,158,295,453,129,46,61,129,283,800
Marvin Webster,C,28,NYK,82,0,1708,159,341,0.466,1,4,0.25,158,337,0.469,0.46799999999999997,104,163,0.638,162,303,465,72,27,97,103,187,423
Scott Wedman,SF,28,KCK,81,0,2902,685,1437,0.47700000000000004,25,77,0.325,660,1360,0.485,0.485,140,204,0.6859999999999999,128,305,433,226,97,46,161,294,1535
Paul Westphal*,SG,30,SEA,36,0,1078,221,500,0.442,6,25,0.24,215,475,0.45299999999999996,0.44799999999999995,153,184,0.8320000000000001,11,57,68,148,46,14,78,70,601
Jo Jo White*,PG,34,KCK,13,0,236,36,82,0.439,0,0,0.0,36,82,0.439,0.439,11,18,0.611,3,18,21,37,11,1,18,21,83
Rudy White,SG,27,TOT,16,0,208,23,65,0.354,0,1,0.0,23,64,0.359,0.354,15,16,0.938,1,10,11,20,9,1,12,23,61
Jerome Whitehead,C,24,TOT,48,0,688,83,180,0.461,0,1,0.0,83,179,0.46399999999999997,0.461,28,56,0.5,58,156,214,26,20,9,56,122,194
Hawkeye Whitney,SG,23,KCK,47,0,782,149,306,0.48700000000000004,2,6,0.33299999999999996,147,300,0.49,0.49,50,65,0.769,29,77,106,68,47,6,48,98,350
Sidney Wicks,PF,31,SDC,49,0,1083,125,286,0.43700000000000006,0,1,0.0,125,285,0.439,0.43700000000000006,76,150,0.507,79,144,223,111,40,40,94,168,326
Michael Wiley,PF,23,SAS,33,0,271,76,138,0.551,0,2,0.0,76,136,0.5589999999999999,0.551,36,48,0.75,22,42,64,11,8,6,28,38,188
Bob Wilkerson,SG,26,CHI,80,0,2238,330,715,0.462,1,10,0.1,329,705,0.467,0.462,137,163,0.84,86,196,282,272,102,23,175,170,798
Jamaal Wilkes*,SF,27,LAL,81,0,3028,786,1495,0.526,1,13,0.077,785,1482,0.53,0.526,254,335,0.758,146,289,435,235,121,29,207,223,1827
James Wilkes,SF,22,CHI,48,0,540,85,184,0.462,0,1,0.0,85,183,0.46399999999999997,0.462,29,42,0.69,36,60,96,30,25,12,34,86,199
Jeff Wilkins,C,25,UTA,56,0,1058,117,260,0.45,0,0,0.0,117,260,0.45,0.45,27,40,0.675,62,212,274,40,32,46,59,169,261
Freeman Williams,SG,24,SDC,82,0,1976,642,1381,0.465,48,141,0.34,594,1240,0.479,0.48200000000000004,253,297,0.852,75,54,129,164,91,5,166,157,1585
Ray Williams,PG,26,NYK,79,0,2742,616,1335,0.461,16,68,0.235,600,1267,0.474,0.467,312,382,0.8170000000000001,122,199,321,432,185,37,235,270,1560
Sly Williams,PF,23,NYK,67,0,1976,349,708,0.493,2,8,0.25,347,700,0.496,0.494,185,268,0.69,159,257,416,180,116,18,141,199,885
John Williamson,SG,29,WSB,9,0,112,18,56,0.321,1,6,0.16699999999999998,17,50,0.34,0.33,5,6,0.833,0,7,7,17,4,1,12,13,42
Bill Willoughby,SF,23,HOU,55,0,1145,150,287,0.523,0,0,0.0,150,287,0.523,0.523,49,64,0.7659999999999999,74,153,227,64,18,31,74,102,349
Brian Winters,SG,28,MIL,69,0,1771,331,697,0.475,18,51,0.353,313,646,0.485,0.488,119,137,0.8690000000000001,32,108,140,229,70,10,136,185,799
Mike Woodson,SG,22,NYK,81,0,949,165,373,0.442,1,5,0.2,164,368,0.446,0.444,49,64,0.7659999999999999,33,64,97,75,36,12,54,95,380
Sam Worthen,PG,23,CHI,64,0,945,95,192,0.495,0,4,0.0,95,188,0.505,0.495,45,60,0.75,22,93,115,115,57,6,91,115,235
Larry Wright,PG,26,DET,45,0,997,140,303,0.462,2,7,0.28600000000000003,138,296,0.466,0.465,53,66,0.8029999999999999,26,62,88,153,42,7,74,114,335
