Player,Pos,Age,Tm,G,GS,MP,FG,FGA,FG%,3P,3PA,3P%,2P,2PA,2P%,eFG%,FT,FTA,FT%,ORB,DRB,TRB,AST,STL,BLK,TOV,PF,PTS
Quincy Acy,PF,24,NYK,68,22,1287,152,331,0.45899999999999996,18,60,0.3,134,271,0.494,0.486,76,97,0.784,79,222,301,68,27,22,60,147,398
Jordan Adams,SG,20,MEM,30,0,248,35,86,0.40700000000000003,10,25,0.4,25,61,0.41,0.465,14,23,0.609,9,19,28,16,16,7,14,24,94
Steven Adams,C,21,OKC,70,67,1771,217,399,0.544,0,2,0.0,217,397,0.547,0.544,103,205,0.502,199,324,523,66,38,86,99,222,537
Jeff Adrien,PF,28,MIN,17,0,215,19,44,0.43200000000000005,0,0,0.0,19,44,0.43200000000000005,0.43200000000000005,22,38,0.579,23,54,77,15,4,9,9,30,60
Arron Afflalo,SG,29,TOT,78,72,2502,375,884,0.424,118,333,0.354,257,551,0.466,0.491,167,198,0.843,27,220,247,129,41,7,116,167,1035
Alexis Ajinça,C,26,NOP,68,8,957,181,329,0.55,0,0,0.0,181,329,0.55,0.55,81,99,0.818,104,211,315,47,21,51,69,151,443
Furkan Aldemir,PF,23,PHI,41,9,540,40,78,0.513,0,5,0.0,40,73,0.5479999999999999,0.513,13,27,0.48100000000000004,78,98,176,28,17,16,17,96,93
Cole Aldrich,C,26,NYK,61,16,976,144,301,0.478,0,0,0.0,144,301,0.478,0.478,50,64,0.7809999999999999,101,237,338,75,37,65,59,122,338
LaMarcus Aldridge,PF,29,POR,71,71,2512,659,1415,0.466,37,105,0.35200000000000004,622,1310,0.475,0.479,306,362,0.845,177,549,726,124,48,68,122,125,1661
Lavoy Allen,C,25,IND,63,0,1070,141,299,0.47200000000000003,0,0,0.0,141,299,0.47200000000000003,0.47200000000000003,33,47,0.7020000000000001,123,200,323,73,15,42,40,102,315
Tony Allen,SG,33,MEM,63,41,1648,225,455,0.495,10,29,0.345,215,426,0.505,0.505,79,126,0.627,103,177,280,86,129,30,86,166,539
Al-Farouq Aminu,SF,24,DAL,74,3,1366,147,357,0.41200000000000003,34,124,0.27399999999999997,113,233,0.485,0.45899999999999996,84,118,0.7120000000000001,114,228,342,59,70,62,55,137,412
Lou Amundson,PF,32,TOT,53,35,937,109,255,0.42700000000000005,0,1,0.0,109,254,0.429,0.42700000000000005,41,87,0.47100000000000003,94,174,268,70,22,52,62,126,259
Chris Andersen,C,36,MIA,60,20,1132,120,207,0.58,4,13,0.308,116,194,0.598,0.589,76,114,0.667,76,223,299,43,26,61,40,88,320
Alan Anderson,SG,32,BRK,74,19,1744,195,440,0.44299999999999995,73,210,0.348,122,230,0.53,0.526,82,101,0.812,31,173,204,83,56,5,60,148,545
Kyle Anderson,SF,21,SAS,33,8,358,31,89,0.348,3,11,0.273,28,78,0.359,0.365,9,14,0.643,5,67,72,28,15,7,10,28,74
Ryan Anderson,PF,26,NOP,61,5,1675,291,729,0.39899999999999997,122,359,0.34,169,370,0.457,0.483,129,151,0.8540000000000001,108,187,295,55,33,20,62,113,833
Giannis Antetokounmpo,SG,20,MIL,81,71,2541,383,780,0.491,7,44,0.159,376,736,0.511,0.496,257,347,0.741,100,442,542,207,73,85,173,254,1030
Carmelo Anthony,SF,30,NYK,40,40,1428,358,806,0.444,61,179,0.341,297,627,0.474,0.48200000000000004,189,237,0.797,72,192,264,122,40,17,89,87,966
Joel Anthony,C,32,DET,49,0,406,36,62,0.581,0,0,0.0,36,62,0.581,0.581,15,22,0.682,32,61,93,5,12,49,12,55,87
Pero Antić,C,32,ATL,63,3,1037,108,296,0.365,52,173,0.301,56,123,0.455,0.45299999999999996,88,123,0.715,58,131,189,49,18,14,49,132,356
Trevor Ariza,SF,29,HOU,82,82,2930,366,910,0.402,194,555,0.35,172,355,0.485,0.509,122,143,0.853,77,382,459,209,152,17,141,186,1048
Darrell Arthur,PF,26,DEN,58,4,988,155,384,0.40399999999999997,26,110,0.23600000000000002,129,274,0.47100000000000003,0.43799999999999994,46,59,0.78,53,118,171,57,48,26,47,146,382
Ömer Aşık,C,28,NOP,76,76,1982,213,412,0.517,0,0,0.0,213,412,0.517,0.517,131,225,0.5820000000000001,244,504,748,72,29,54,95,144,557
D.J. Augustin,PG,27,TOT,82,14,1964,258,647,0.39899999999999997,83,246,0.337,175,401,0.436,0.46299999999999997,178,205,0.868,20,141,161,353,49,3,145,93,777
Jeff Ayres,PF,27,SAS,51,0,383,55,95,0.579,0,0,0.0,55,95,0.579,0.579,27,36,0.75,37,80,117,14,8,8,26,60,137
Luke Babbitt,SF,25,NOP,63,19,830,92,192,0.479,59,115,0.513,33,77,0.429,0.633,13,19,0.684,12,99,111,24,17,11,26,63,256
Cameron Bairstow,PF,24,CHI,18,1,64,3,14,0.214,0,0,0.0,3,14,0.214,0.214,4,5,0.8,6,2,8,1,2,1,3,8,10
Leandro Barbosa,SG,32,GSW,66,1,982,183,386,0.474,43,112,0.384,140,274,0.511,0.53,58,74,0.784,23,68,91,99,41,8,44,87,467
J.J. Barea,PG,30,DAL,77,10,1362,225,536,0.42,54,167,0.32299999999999995,171,369,0.46299999999999997,0.47,76,94,0.809,23,111,134,263,33,1,70,104,580
Andrea Bargnani,C,29,NYK,29,22,785,164,361,0.45399999999999996,15,41,0.366,149,320,0.466,0.475,87,107,0.813,32,95,127,46,2,27,42,53,430
Harrison Barnes,SF,22,GSW,82,82,2318,316,656,0.48200000000000004,87,215,0.405,229,441,0.519,0.5479999999999999,108,150,0.72,117,336,453,116,61,19,71,146,827
Matt Barnes,SF,34,LAC,76,74,2271,277,624,0.444,136,376,0.36200000000000004,141,248,0.569,0.5529999999999999,74,95,0.779,51,251,302,114,67,50,87,240,764
Earl Barron,C,33,PHO,16,1,143,12,39,0.308,2,4,0.5,10,35,0.28600000000000003,0.33299999999999996,6,12,0.5,14,14,28,5,4,2,5,26,32
Will Barton,SG,24,TOT,58,0,983,150,353,0.425,23,85,0.271,127,268,0.474,0.45799999999999996,74,94,0.787,26,136,162,81,48,19,61,70,397
Brandon Bass,PF,29,BOS,82,43,1929,344,683,0.504,9,32,0.281,335,651,0.515,0.51,169,214,0.79,139,259,398,104,41,32,83,140,866
Nicolas Batum,SF,26,POR,71,71,2380,240,600,0.4,100,309,0.324,140,291,0.48100000000000004,0.483,84,98,0.857,62,354,416,341,78,40,132,106,664
Jerryd Bayless,PG,26,MIL,77,4,1717,220,516,0.426,37,120,0.308,183,396,0.462,0.462,121,137,0.883,22,189,211,233,59,12,133,163,598
Aron Baynes,C,28,SAS,70,17,1122,185,327,0.5660000000000001,1,4,0.25,184,323,0.57,0.5670000000000001,90,104,0.865,109,209,318,35,16,22,65,162,461
Kent Bazemore,SG,25,ATL,75,10,1324,141,331,0.426,48,132,0.364,93,199,0.467,0.498,60,100,0.6,21,201,222,78,52,33,73,127,390
Bradley Beal,SG,21,WAS,63,59,2107,363,851,0.42700000000000005,106,259,0.409,257,592,0.434,0.489,130,166,0.7829999999999999,57,184,241,194,76,18,123,136,962
Michael Beasley,PF,26,MIA,24,1,505,92,212,0.434,8,34,0.235,84,178,0.47200000000000003,0.45299999999999996,20,26,0.769,12,77,89,32,15,13,37,66,212
Marco Belinelli,SG,28,SAS,62,9,1388,199,470,0.423,86,230,0.374,113,240,0.47100000000000003,0.515,84,99,0.848,26,131,157,94,31,3,61,85,568
Jerrelle Benimon,PF,23,UTA,2,0,3,0,0,0.0,0,0,0.0,0,0,0.0,0.0,0,0,0.0,1,2,3,0,0,0,1,0,0
Anthony Bennett,PF,21,MIN,57,3,894,125,297,0.42100000000000004,7,23,0.304,118,274,0.431,0.433,41,64,0.6409999999999999,52,164,216,48,27,16,36,87,298
Patrick Beverley,PG,26,HOU,56,55,1727,204,532,0.38299999999999995,115,323,0.35600000000000004,89,209,0.426,0.49200000000000005,45,60,0.75,67,170,237,192,59,23,83,182,568
Sim Bhullar,C,22,SAC,3,0,3,1,2,0.5,0,0,0.0,1,2,0.5,0.5,0,0,0.0,0,1,1,1,0,1,0,0,2
Bismack Biyombo,C,22,CHO,64,21,1243,101,186,0.5429999999999999,0,0,0.0,101,186,0.5429999999999999,0.5429999999999999,102,175,0.583,159,248,407,16,18,99,52,140,304
Tarik Black,C,23,TOT,63,39,1196,157,273,0.575,0,1,0.0,157,272,0.5770000000000001,0.575,65,118,0.551,142,226,368,42,19,24,48,158,379
DeJuan Blair,PF,25,WAS,29,0,180,26,57,0.456,0,0,0.0,26,57,0.456,0.456,4,6,0.667,16,40,56,3,7,1,13,41,56
Steve Blake,PG,34,POR,81,0,1529,122,327,0.373,77,219,0.35200000000000004,45,108,0.41700000000000004,0.491,29,41,0.7070000000000001,16,121,137,288,41,5,104,118,350
Eric Bledsoe,PG,25,PHO,81,81,2800,468,1046,0.447,88,272,0.324,380,774,0.491,0.489,353,441,0.8,72,351,423,493,127,45,274,189,1377
Vander Blue,SG,22,LAL,2,1,74,9,30,0.3,2,10,0.2,7,20,0.35,0.33299999999999996,2,5,0.4,2,7,9,8,3,0,6,4,22
Bojan Bogdanović,SF,25,BRK,78,28,1854,261,576,0.45299999999999996,91,256,0.355,170,320,0.531,0.532,87,106,0.821,50,163,213,68,34,9,78,104,700
Andrew Bogut,C,30,GSW,67,65,1583,200,355,0.563,0,0,0.0,200,355,0.563,0.563,22,42,0.524,141,402,543,180,39,113,106,188,422
Matt Bonner,PF,34,SAS,72,19,935,94,230,0.409,46,126,0.365,48,104,0.462,0.509,30,37,0.8109999999999999,29,86,115,47,10,12,11,65,264
Trevor Booker,PF,27,UTA,79,5,1564,226,464,0.48700000000000004,29,84,0.345,197,380,0.518,0.518,86,148,0.581,139,258,397,83,43,41,88,144,567
Carlos Boozer,PF,33,LAL,71,26,1692,371,743,0.499,0,0,0.0,371,743,0.499,0.499,94,150,0.627,111,371,482,95,41,12,92,184,836
Chris Bosh,C,30,MIA,44,44,1556,343,745,0.46,63,168,0.375,280,577,0.485,0.503,179,232,0.772,46,264,310,95,41,25,95,69,928
Avery Bradley,SG,24,BOS,77,77,2428,434,1012,0.429,124,352,0.35200000000000004,310,660,0.47,0.49,79,100,0.79,46,195,241,135,82,15,109,177,1071
Elton Brand,C,35,ATL,36,4,486,42,95,0.442,0,1,0.0,42,94,0.447,0.442,12,23,0.522,28,72,100,22,17,25,18,54,96
Corey Brewer,SF,28,TOT,80,17,2087,343,805,0.426,63,235,0.268,280,570,0.491,0.465,168,226,0.743,80,217,297,173,114,19,131,173,917
Aaron Brooks,PG,30,CHI,82,21,1885,344,817,0.42100000000000004,121,313,0.387,223,504,0.442,0.495,145,174,0.833,32,134,166,261,54,15,157,189,954
Jabari Brown,SG,22,LAL,19,5,568,70,170,0.41200000000000003,23,62,0.371,47,108,0.435,0.479,64,85,0.753,3,33,36,40,12,2,32,33,227
Lorenzo Brown,PG,24,MIN,29,7,549,52,122,0.426,6,28,0.214,46,94,0.489,0.451,12,19,0.632,14,56,70,90,28,6,30,49,122
Markel Brown,SG,23,BRK,47,29,781,76,210,0.36200000000000004,17,64,0.266,59,146,0.40399999999999997,0.402,47,57,0.825,16,91,107,39,31,12,27,57,216
Shannon Brown,SG,29,MIA,5,2,89,7,19,0.368,3,7,0.429,4,12,0.33299999999999996,0.447,3,4,0.75,0,1,1,3,4,0,4,8,20
Kobe Bryant,SG,36,LAL,35,35,1207,266,713,0.373,54,184,0.293,212,529,0.401,0.41100000000000003,196,241,0.813,26,173,199,197,47,7,128,65,782
Chase Budinger,SF,26,MIN,67,4,1286,169,390,0.433,52,143,0.364,117,247,0.474,0.5,67,81,0.8270000000000001,33,165,198,64,44,10,49,72,457
Reggie Bullock,SF,23,TOT,36,2,338,24,70,0.34299999999999997,15,46,0.326,9,24,0.375,0.45,6,9,0.667,1,49,50,8,10,4,8,19,69
Trey Burke,PG,22,UTA,76,43,2288,370,1005,0.368,124,390,0.318,246,615,0.4,0.43,109,145,0.752,31,173,204,328,65,15,124,119,973
Alec Burks,SG,23,UTA,27,27,899,121,300,0.40299999999999997,26,68,0.382,95,232,0.409,0.447,106,129,0.8220000000000001,19,95,114,82,17,5,52,64,374
Caron Butler,SF,34,DET,78,21,1623,161,396,0.40700000000000003,83,219,0.379,78,177,0.441,0.511,55,61,0.902,21,175,196,79,43,4,49,120,460
Jimmy Butler,SG,25,CHI,65,65,2513,421,912,0.462,73,193,0.37799999999999995,348,719,0.484,0.502,386,463,0.8340000000000001,114,265,379,212,114,36,93,108,1301
Rasual Butler,SF,35,WAS,75,1,1505,218,517,0.42200000000000004,91,235,0.387,127,282,0.45,0.51,53,67,0.7909999999999999,27,170,197,63,29,22,48,98,580
Dwight Buycks,PG,25,LAL,6,0,123,18,40,0.45,7,11,0.636,11,29,0.379,0.5379999999999999,9,10,0.9,2,10,12,14,3,0,12,3,52
Will Bynum,SG,32,WAS,7,0,67,10,31,0.32299999999999995,0,9,0.0,10,22,0.455,0.32299999999999995,2,4,0.5,2,4,6,18,1,1,8,9,22
Bruno Caboclo,SF,19,TOR,8,0,23,4,12,0.33299999999999996,2,3,0.667,2,9,0.222,0.41700000000000004,0,0,0.0,1,1,2,0,0,1,4,3,10
Nick Calathes,SG,25,MEM,58,0,838,104,247,0.42100000000000004,11,43,0.256,93,204,0.456,0.44299999999999995,24,45,0.5329999999999999,19,87,106,146,63,5,61,100,243
José Calderón,PG,33,NYK,42,42,1270,147,354,0.415,59,142,0.415,88,212,0.415,0.499,29,32,0.9059999999999999,19,105,124,198,31,0,75,76,382
Kentavious Caldwell-Pope,SG,21,DET,82,82,2587,390,972,0.401,153,444,0.345,237,528,0.449,0.48,110,158,0.696,46,209,255,109,93,18,94,161,1043
Isaiah Canaan,PG,23,TOT,47,21,938,146,378,0.386,91,246,0.37,55,132,0.41700000000000004,0.507,49,60,0.8170000000000001,18,69,87,98,29,3,62,83,432
Clint Capela,C,20,HOU,12,0,90,14,29,0.483,0,0,0.0,14,29,0.483,0.483,4,23,0.174,10,26,36,2,1,9,5,14,32
DeMarre Carroll,SF,28,ATL,70,69,2189,318,653,0.48700000000000004,120,304,0.395,198,349,0.5670000000000001,0.579,127,181,0.7020000000000001,99,273,372,118,94,17,75,154,883
Vince Carter,SG,38,MEM,66,1,1091,135,406,0.33299999999999996,69,232,0.297,66,174,0.379,0.41700000000000004,45,57,0.789,27,106,133,79,43,14,43,102,384
Michael Carter-Williams,PG,23,TOT,66,63,2149,364,919,0.396,36,153,0.235,328,766,0.428,0.41600000000000004,202,291,0.6940000000000001,64,289,353,442,111,30,253,167,966
Omri Casspi,SF,26,SAC,67,19,1416,209,427,0.489,35,87,0.402,174,340,0.512,0.53,140,191,0.733,54,206,260,102,31,9,88,107,593
Mario Chalmers,PG,28,MIA,80,37,2368,267,663,0.40299999999999997,73,248,0.294,194,415,0.467,0.45799999999999996,206,266,0.774,24,182,206,307,122,10,173,251,813
Tyson Chandler,C,32,DAL,75,75,2286,293,440,0.6659999999999999,0,0,0.0,293,440,0.6659999999999999,0.6659999999999999,185,257,0.72,294,570,864,84,42,91,105,169,771
Wilson Chandler,SF,27,DEN,78,75,2471,418,975,0.429,139,406,0.342,279,569,0.49,0.5,110,142,0.775,96,379,475,134,58,29,110,231,1085
Will Cherry,PG,23,CLE,8,0,69,5,19,0.263,2,9,0.222,3,10,0.3,0.316,3,6,0.5,1,4,5,8,6,1,4,10,15
Patrick Christopher,SG,26,UTA,4,1,29,3,12,0.25,0,4,0.0,3,8,0.375,0.25,0,0,0.0,2,4,6,0,1,0,1,6,6
Earl Clark,PF,27,BRK,10,0,93,11,30,0.36700000000000005,4,14,0.28600000000000003,7,16,0.43799999999999994,0.433,1,4,0.25,1,22,23,3,3,4,6,12,27
Ian Clark,SG,23,TOT,30,0,192,19,55,0.345,10,30,0.33299999999999996,9,25,0.36,0.436,9,9,1.0,4,12,16,12,9,3,9,20,57
Jordan Clarkson,PG,22,LAL,59,38,1476,267,596,0.44799999999999995,38,121,0.314,229,475,0.48200000000000004,0.48,131,158,0.8290000000000001,56,135,191,206,51,12,96,109,703
Victor Claver,SF,26,POR,10,0,76,9,20,0.45,6,11,0.545,3,9,0.33299999999999996,0.6,0,0,0.0,3,17,20,1,1,1,4,12,24
Norris Cole,PG,26,TOT,75,25,1831,230,558,0.41200000000000003,55,176,0.313,175,382,0.45799999999999996,0.461,58,81,0.716,13,146,159,255,57,15,99,124,573
Darren Collison,PG,27,SAC,45,45,1565,260,550,0.473,60,161,0.373,200,389,0.514,0.527,145,184,0.7879999999999999,19,124,143,252,67,14,112,95,725
Nick Collison,PF,34,OKC,66,2,1101,106,253,0.419,16,60,0.267,90,193,0.466,0.451,45,65,0.6920000000000001,90,160,250,90,35,25,45,156,273
Mike Conley,PG,27,MEM,70,70,2225,393,882,0.446,107,277,0.386,286,605,0.473,0.506,214,249,0.8590000000000001,29,180,209,375,89,14,156,139,1107
Jack Cooley,C,23,UTA,16,0,87,9,22,0.409,0,0,0.0,9,22,0.409,0.409,9,21,0.429,10,15,25,1,6,3,3,23,27
Chris Copeland,SF,30,IND,50,12,828,112,310,0.361,52,167,0.311,60,143,0.42,0.445,33,45,0.733,23,88,111,51,11,11,59,78,309
Bryce Cotton,PG,22,UTA,15,0,159,29,69,0.42,7,20,0.35,22,49,0.449,0.47100000000000003,15,18,0.833,3,15,18,15,4,0,12,6,80
DeMarcus Cousins,C,24,SAC,59,59,2013,498,1066,0.467,2,8,0.25,496,1058,0.469,0.46799999999999997,423,541,0.782,185,562,747,210,90,103,254,241,1421
Robert Covington,SF,24,PHI,70,49,1956,299,756,0.396,167,446,0.374,132,310,0.426,0.506,178,217,0.82,65,251,316,105,97,31,128,189,943
Allen Crabbe,SG,22,POR,51,9,683,63,153,0.41200000000000003,30,85,0.353,33,68,0.485,0.51,12,16,0.75,7,66,73,39,19,15,15,74,168
Jamal Crawford,SG,34,LAC,64,4,1703,332,839,0.396,119,364,0.327,213,475,0.44799999999999995,0.467,227,252,0.9009999999999999,18,106,124,158,59,14,92,108,1010
Jae Crowder,SF,24,TOT,82,17,1647,229,545,0.42,61,208,0.293,168,337,0.499,0.47600000000000003,109,141,0.773,72,221,293,94,72,25,49,137,628
Dante Cunningham,PF,27,NOP,66,27,1652,155,339,0.457,1,10,0.1,154,329,0.46799999999999997,0.45899999999999996,29,47,0.617,70,186,256,50,46,37,35,101,340
Jared Cunningham,SG,23,LAC,19,0,89,12,33,0.364,4,13,0.308,8,20,0.4,0.424,7,13,0.5379999999999999,1,8,9,10,3,0,7,12,35
Seth Curry,PG,24,PHO,2,0,8,0,3,0.0,0,1,0.0,0,2,0.0,0.0,0,0,0.0,0,2,2,1,0,0,0,2,0
Stephen Curry,PG,26,GSW,80,80,2613,653,1341,0.48700000000000004,286,646,0.44299999999999995,367,695,0.528,0.594,308,337,0.914,56,285,341,619,163,16,249,158,1900
Samuel Dalembert,C,33,NYK,32,21,544,57,130,0.43799999999999994,0,0,0.0,57,130,0.43799999999999994,0.43799999999999994,14,20,0.7,53,115,168,29,14,41,39,70,128
Troy Daniels,SG,23,TOT,47,0,397,61,165,0.37,43,118,0.364,18,47,0.38299999999999995,0.5,11,13,0.846,8,25,33,22,6,1,20,40,176
Luigi Datome,SF,27,TOT,21,1,209,43,89,0.483,18,40,0.45,25,49,0.51,0.584,1,1,1.0,3,26,29,9,2,7,9,15,105
Brandon Davies,PF,23,TOT,27,6,423,55,137,0.401,8,34,0.235,47,103,0.456,0.431,24,37,0.649,38,45,83,30,18,7,29,59,142
Anthony Davis,PF,21,NOP,68,68,2455,642,1199,0.535,1,12,0.083,641,1187,0.54,0.536,371,461,0.805,173,523,696,149,100,200,95,141,1656
Ed Davis,PF,25,LAL,79,24,1840,282,469,0.601,0,0,0.0,282,469,0.601,0.601,92,189,0.48700000000000004,230,370,600,94,49,98,58,202,656
Glen Davis,PF,29,LAC,74,0,904,117,255,0.45899999999999996,0,4,0.0,117,251,0.466,0.45899999999999996,60,95,0.632,43,126,169,39,41,21,39,132,294
Andre Dawkins,SG,23,MIA,4,0,22,1,6,0.16699999999999998,1,6,0.16699999999999998,0,0,0.0,0.25,0,0,0.0,0,2,2,1,0,0,1,3,3
Austin Daye,SF,26,TOT,34,4,344,50,141,0.355,24,71,0.33799999999999997,26,70,0.371,0.44,5,6,0.833,10,65,75,17,12,5,23,39,129
Dewayne Dedmon,C,25,ORL,59,15,845,91,162,0.562,0,1,0.0,91,161,0.565,0.562,34,64,0.531,118,177,295,9,16,50,51,141,216
Matthew Dellavedova,SG,24,CLE,67,13,1380,111,307,0.36200000000000004,68,167,0.40700000000000003,43,140,0.307,0.47200000000000003,29,38,0.763,37,89,126,204,24,2,61,152,319
Luol Deng,SF,29,MIA,72,72,2421,369,787,0.469,78,220,0.355,291,567,0.513,0.518,191,251,0.7609999999999999,103,273,376,139,65,22,108,109,1007
DeMar DeRozan,SG,25,TOR,60,60,2100,409,990,0.413,25,88,0.284,384,902,0.426,0.426,361,434,0.8320000000000001,41,236,277,210,73,11,137,122,1204
Boris Diaw,PF,32,SAS,81,15,1984,291,632,0.46,54,169,0.32,237,463,0.512,0.503,72,93,0.774,78,270,348,233,36,23,126,148,708
Gorgui Dieng,C,25,MIN,73,49,2193,259,512,0.506,1,6,0.16699999999999998,258,506,0.51,0.507,191,244,0.7829999999999999,223,386,609,146,71,126,126,188,710
Spencer Dinwiddie,PG,21,DET,34,1,455,51,169,0.302,12,65,0.185,39,104,0.375,0.337,31,34,0.912,4,44,48,104,19,6,33,53,145
Joey Dorsey,PF,31,HOU,69,17,854,80,145,0.552,0,1,0.0,80,144,0.556,0.552,24,83,0.289,103,176,279,25,40,25,41,157,184
Toney Douglas,SG,28,NOP,12,0,177,19,51,0.373,5,18,0.278,14,33,0.424,0.42200000000000004,8,13,0.615,2,20,22,24,11,4,10,20,51
Chris Douglas-Roberts,SG,28,LAC,12,0,103,5,21,0.23800000000000002,1,7,0.14300000000000002,4,14,0.28600000000000003,0.262,8,8,1.0,1,11,12,4,1,0,0,14,19
Goran Dragić,SG-PG,28,TOT,78,78,2640,502,1002,0.501,90,259,0.34700000000000003,412,743,0.555,0.546,181,234,0.774,81,193,274,350,78,15,173,195,1275
Zoran Dragić,SG,25,TOT,16,1,75,11,30,0.36700000000000005,3,14,0.214,8,16,0.5,0.41700000000000004,3,5,0.6,5,3,8,5,2,0,5,6,28
Larry Drew,PG,24,PHI,12,1,219,20,58,0.345,4,26,0.154,16,32,0.5,0.379,2,3,0.667,1,14,15,45,6,0,25,13,46
Andre Drummond,C,21,DET,82,82,2502,494,961,0.514,0,2,0.0,494,959,0.515,0.514,142,365,0.389,437,667,1104,55,73,153,120,285,1130
Jared Dudley,SG,29,MIL,72,22,1717,198,423,0.46799999999999997,74,192,0.385,124,231,0.537,0.556,48,67,0.716,45,175,220,130,72,11,62,113,518
Tim Duncan,C,38,SAS,77,77,2227,419,819,0.512,2,7,0.28600000000000003,417,812,0.514,0.513,230,311,0.74,170,534,704,230,63,151,131,165,1070
Mike Dunleavy,SF,34,CHI,63,63,1838,209,481,0.435,107,263,0.40700000000000003,102,218,0.46799999999999997,0.546,70,87,0.805,28,220,248,114,39,21,60,123,595
Kevin Durant,SF,26,OKC,27,27,913,238,467,0.51,64,159,0.40299999999999997,174,308,0.565,0.578,146,171,0.8540000000000001,16,162,178,110,24,25,74,40,686
Cleanthony Early,SF,23,NYK,39,7,647,76,214,0.355,22,84,0.262,54,130,0.415,0.40700000000000003,36,48,0.75,22,75,97,36,24,12,40,57,210
Wayne Ellington,SG,27,LAL,65,36,1675,254,617,0.41200000000000003,90,243,0.37,164,374,0.439,0.485,52,64,0.813,31,179,210,105,33,2,50,77,650
Monta Ellis,SG,29,DAL,80,80,2699,602,1354,0.445,81,284,0.285,521,1070,0.48700000000000004,0.475,228,303,0.752,34,156,190,329,148,25,198,197,1513
James Ennis,SF,24,MIA,62,3,1051,101,247,0.409,31,95,0.326,70,152,0.461,0.47200000000000003,79,94,0.84,51,125,176,48,25,17,39,89,312
Tyler Ennis,PG,20,TOT,33,1,411,52,144,0.361,12,43,0.27899999999999997,40,101,0.396,0.40299999999999997,5,7,0.7140000000000001,7,28,35,73,18,5,42,36,121
Jeremy Evans,SF,27,UTA,38,0,266,32,58,0.552,2,5,0.4,30,53,0.5660000000000001,0.569,24,29,0.828,26,45,71,13,11,12,5,29,90
Reggie Evans,PF,34,SAC,47,7,764,58,137,0.423,0,2,0.0,58,135,0.43,0.423,60,97,0.619,97,202,299,32,22,5,45,91,176
Tyreke Evans,SG,25,NOP,79,76,2690,521,1165,0.447,69,227,0.304,452,938,0.48200000000000004,0.47700000000000004,202,291,0.6940000000000001,82,334,416,521,100,37,246,198,1313
Dante Exum,PG,19,UTA,82,41,1817,145,416,0.349,83,264,0.314,62,152,0.408,0.44799999999999995,20,32,0.625,27,104,131,198,41,14,118,147,393
Festus Ezeli,C,25,GSW,46,7,504,76,139,0.547,0,0,0.0,76,139,0.547,0.547,49,78,0.628,60,95,155,9,7,42,32,77,201
Kenneth Faried,PF,25,DEN,75,71,2086,373,736,0.507,1,8,0.125,372,728,0.511,0.507,199,288,0.691,242,426,668,89,62,57,118,211,946
Jordan Farmar,PG,28,LAC,36,0,529,61,158,0.386,35,97,0.361,26,61,0.426,0.49700000000000005,10,11,0.909,8,34,42,67,20,5,32,52,167
Derrick Favors,PF,23,UTA,74,74,2280,482,918,0.525,1,6,0.16699999999999998,481,912,0.527,0.526,222,332,0.669,196,411,607,112,60,123,121,210,1187
Raymond Felton,PG,30,DAL,29,3,281,43,106,0.406,10,34,0.294,33,72,0.45799999999999996,0.45299999999999996,12,15,0.8,2,24,26,41,11,4,18,17,108
Landry Fields,SF,26,TOR,26,9,216,20,41,0.488,1,2,0.5,19,39,0.48700000000000004,0.5,5,6,0.833,10,16,26,15,11,0,8,9,46
Evan Fournier,SG,22,ORL,58,32,1661,253,575,0.44,85,225,0.37799999999999995,168,350,0.48,0.514,107,147,0.728,28,125,153,120,40,2,82,116,698
Randy Foye,SG,31,DEN,50,21,1087,148,402,0.368,94,263,0.35700000000000004,54,139,0.38799999999999996,0.485,45,55,0.818,9,76,85,119,34,11,60,97,435
Jamaal Franklin,SG,23,DEN,3,0,13,1,2,0.5,1,2,0.5,0,0,0.0,0.75,0,0,0.0,1,1,2,3,0,1,3,4,3
Tim Frazier,PG,24,TOT,11,3,239,21,61,0.344,5,17,0.294,16,44,0.364,0.385,10,21,0.47600000000000003,6,22,28,60,8,0,25,26,57
Jimmer Fredette,PG,25,NOP,50,0,509,63,166,0.38,9,48,0.188,54,118,0.45799999999999996,0.40700000000000003,43,45,0.956,8,32,40,58,15,2,33,43,178
Joel Freeland,C,27,POR,48,8,617,74,151,0.49,0,0,0.0,74,151,0.49,0.49,21,25,0.84,62,129,191,16,9,23,23,93,169
Channing Frye,PF,31,ORL,75,51,1870,191,487,0.392,136,346,0.39299999999999996,55,141,0.39,0.532,31,35,0.8859999999999999,27,266,293,94,47,39,78,191,549
Danilo Gallinari,SF,26,DEN,59,27,1426,228,568,0.401,107,301,0.355,121,267,0.45299999999999996,0.496,171,191,0.895,31,187,218,83,47,20,57,94,734
Langston Galloway,PG,23,NYK,45,41,1457,204,511,0.39899999999999997,62,176,0.35200000000000004,142,335,0.424,0.46,63,78,0.8079999999999999,37,153,190,150,52,12,61,129,533
Francisco García,SF,33,HOU,14,0,200,17,63,0.27,10,45,0.222,7,18,0.389,0.349,1,4,0.25,3,14,17,15,9,5,10,20,45
Kevin Garnett,PF,38,TOT,47,47,952,143,306,0.467,1,7,0.14300000000000002,142,299,0.475,0.469,36,45,0.8,48,263,311,77,46,17,46,109,323
Marc Gasol,C,30,MEM,81,81,2687,530,1072,0.494,3,17,0.17600000000000002,527,1055,0.5,0.496,350,440,0.795,115,515,630,307,70,131,176,208,1413
Pau Gasol,PF,34,CHI,78,78,2681,570,1153,0.494,12,26,0.462,558,1127,0.495,0.5,294,366,0.8029999999999999,220,699,919,210,25,147,158,147,1446
Rudy Gay,SF,28,SAC,68,67,2408,508,1116,0.455,79,220,0.359,429,896,0.479,0.491,337,393,0.858,98,301,399,250,71,41,183,157,1432
Alonzo Gee,SF,27,TOT,54,2,662,87,186,0.46799999999999997,13,35,0.371,74,151,0.49,0.503,54,77,0.701,37,57,94,25,35,7,33,58,241
Paul George,SF,24,IND,6,0,91,18,49,0.36700000000000005,9,22,0.409,9,27,0.33299999999999996,0.45899999999999996,8,11,0.727,4,18,22,6,5,1,12,11,53
Taj Gibson,PF,29,CHI,62,17,1692,254,506,0.502,0,0,0.0,254,506,0.502,0.502,132,184,0.7170000000000001,162,234,396,71,36,75,77,162,640
Manu Ginóbili,SG,37,SAS,70,0,1587,251,589,0.426,89,258,0.345,162,331,0.489,0.502,147,204,0.721,28,183,211,293,67,20,154,138,738
Rudy Gobert,C,22,UTA,82,37,2158,258,427,0.604,0,2,0.0,258,425,0.607,0.604,170,273,0.623,265,510,775,109,64,189,111,175,686
Drew Gooden,PF,33,WAS,51,7,864,110,276,0.39899999999999997,23,59,0.39,87,217,0.401,0.44,34,44,0.773,72,151,223,49,21,9,28,91,277
Archie Goodwin,SG,20,PHO,41,2,535,79,201,0.39299999999999996,12,41,0.293,67,160,0.419,0.423,61,83,0.735,27,47,74,44,18,9,48,55,231
Aaron Gordon,PF,19,ORL,47,8,797,93,208,0.447,13,48,0.271,80,160,0.5,0.478,44,61,0.721,46,123,169,33,21,22,38,83,243
Ben Gordon,SG,31,ORL,56,0,790,129,295,0.43700000000000006,35,97,0.361,94,198,0.475,0.49700000000000005,56,67,0.836,6,57,63,50,14,1,55,60,349
Drew Gordon,PF,24,PHI,9,0,71,8,19,0.42100000000000004,0,3,0.0,8,16,0.5,0.42100000000000004,1,2,0.5,7,11,18,2,1,0,8,7,17
Eric Gordon,SG,26,NOP,61,60,2018,285,694,0.41100000000000003,141,315,0.44799999999999995,144,379,0.38,0.512,107,133,0.805,28,131,159,229,50,14,122,145,818
Marcin Gortat,C,30,WAS,82,82,2453,439,775,0.5660000000000001,0,3,0.0,439,772,0.569,0.5660000000000001,123,175,0.703,180,537,717,97,49,110,100,191,1001
Danny Granger,SF,31,MIA,30,6,613,65,162,0.401,30,84,0.35700000000000004,35,78,0.449,0.494,28,37,0.757,20,60,80,17,13,6,24,67,188
Jerami Grant,SF,20,PHI,65,11,1377,124,352,0.35200000000000004,49,156,0.314,75,196,0.38299999999999995,0.42200000000000004,114,193,0.591,49,149,198,79,40,68,85,144,411
Danny Green,SG,27,SAS,81,80,2312,322,738,0.436,191,457,0.418,131,281,0.466,0.5660000000000001,111,127,0.8740000000000001,54,289,343,158,101,87,93,163,946
Draymond Green,PF,24,GSW,79,79,2490,339,765,0.44299999999999995,111,329,0.337,228,436,0.523,0.516,132,200,0.66,114,533,647,291,123,99,133,253,921
Erick Green,PG,23,DEN,43,1,410,61,162,0.377,14,47,0.298,47,115,0.409,0.42,10,12,0.833,7,24,31,39,12,0,14,26,146
Gerald Green,SG,29,PHO,74,4,1446,324,778,0.41600000000000004,137,387,0.354,187,391,0.478,0.504,99,120,0.825,33,153,186,91,42,12,104,145,884
JaMychal Green,PF,24,TOT,24,1,164,27,47,0.574,0,6,0.0,27,41,0.659,0.574,8,10,0.8,19,26,45,4,5,5,14,25,62
Jeff Green,SF,28,TOT,78,70,2454,416,967,0.43,97,292,0.332,319,675,0.473,0.48,239,287,0.833,64,264,328,134,53,34,108,147,1168
Willie Green,SG,33,ORL,52,2,951,118,306,0.386,42,121,0.34700000000000003,76,185,0.41100000000000003,0.45399999999999996,28,34,0.8240000000000001,14,65,79,68,26,5,48,81,306
Blake Griffin,PF,25,LAC,67,67,2356,574,1144,0.502,10,25,0.4,564,1119,0.504,0.506,311,427,0.728,126,382,508,354,63,35,152,196,1469
Jorge Gutiérrez,PG,26,TOT,20,1,175,22,41,0.537,0,3,0.0,22,38,0.579,0.537,9,13,0.6920000000000001,5,20,25,22,6,0,12,25,53
P.J. Hairston,SG,22,CHO,45,2,687,87,269,0.32299999999999995,49,163,0.301,38,106,0.358,0.414,31,36,0.861,22,70,92,21,21,13,22,61,254
Jordan Hamilton,SF,24,LAC,14,2,122,14,35,0.4,10,21,0.47600000000000003,4,14,0.28600000000000003,0.5429999999999999,0,0,0.0,2,14,16,7,2,0,4,14,38
Justin Hamilton,C,24,TOT,41,14,712,85,178,0.478,10,31,0.32299999999999995,75,147,0.51,0.506,39,47,0.83,57,77,134,36,27,30,26,70,219
Tyler Hansbrough,PF,29,TOR,74,8,1058,86,165,0.521,1,7,0.14300000000000002,85,158,0.5379999999999999,0.524,97,139,0.698,106,159,265,21,30,15,20,141,270
Tim Hardaway,SG,22,NYK,70,30,1681,279,717,0.389,121,354,0.342,158,363,0.435,0.474,125,156,0.8009999999999999,12,144,156,127,20,14,82,119,804
James Harden,SG,25,HOU,81,81,2981,647,1470,0.44,208,555,0.375,439,915,0.48,0.511,715,824,0.868,75,384,459,565,154,60,321,208,2217
Maurice Harkless,SF,21,ORL,45,4,674,63,158,0.39899999999999997,10,56,0.179,53,102,0.52,0.43,22,41,0.537,38,68,106,25,32,9,27,66,158
Devin Harris,PG,31,DAL,76,3,1685,219,524,0.418,95,266,0.35700000000000004,124,258,0.48100000000000004,0.509,132,162,0.815,13,122,135,237,78,14,85,147,665
Gary Harris,SG,20,DEN,55,6,719,66,217,0.304,21,103,0.204,45,114,0.395,0.353,35,47,0.745,21,43,64,29,39,7,38,71,188
Joe Harris,SG,23,CLE,51,1,493,48,120,0.4,31,84,0.369,17,36,0.47200000000000003,0.529,9,15,0.6,7,34,41,26,7,2,27,62,136
Tobias Harris,SF,22,ORL,68,63,2369,442,949,0.466,87,239,0.364,355,710,0.5,0.512,193,245,0.7879999999999999,73,357,430,124,69,36,115,134,1164
Udonis Haslem,PF,34,MIA,62,25,995,107,239,0.44799999999999995,2,10,0.2,105,229,0.45899999999999996,0.452,45,64,0.703,71,187,258,46,21,13,41,113,261
Spencer Hawes,PF,26,LAC,73,15,1274,163,415,0.39299999999999996,55,176,0.313,108,239,0.452,0.45899999999999996,44,68,0.647,30,228,258,88,24,53,61,173,425
Chuck Hayes,C,31,TOR,29,0,255,22,46,0.478,0,0,0.0,22,46,0.478,0.478,6,11,0.545,18,33,51,20,10,4,8,37,50
Gordon Hayward,SF,24,UTA,76,76,2618,484,1087,0.445,120,330,0.364,364,757,0.48100000000000004,0.5,375,462,0.812,54,319,373,313,108,30,206,131,1463
Brendan Haywood,C,35,CLE,22,1,119,14,30,0.467,0,0,0.0,14,30,0.467,0.467,7,13,0.5379999999999999,6,23,29,2,2,10,10,17,35
Gerald Henderson,SG,27,CHO,80,72,2315,370,847,0.43700000000000006,45,136,0.331,325,711,0.457,0.46299999999999997,184,217,0.848,36,237,273,206,51,22,110,135,969
Xavier Henry,SF,23,LAL,9,0,86,3,13,0.231,0,0,0.0,3,13,0.231,0.231,14,24,0.583,2,2,4,3,3,0,3,6,20
John Henson,C,24,MIL,67,11,1228,196,346,0.5660000000000001,0,0,0.0,196,346,0.5660000000000001,0.5660000000000001,78,137,0.569,124,188,312,59,28,135,87,152,470
Roy Hibbert,C,28,IND,76,76,1926,317,710,0.446,0,2,0.0,317,708,0.44799999999999995,0.446,168,204,0.8240000000000001,156,384,540,84,18,125,107,216,802
J.J. Hickson,C,26,DEN,73,8,1411,218,459,0.475,0,2,0.0,218,457,0.47700000000000004,0.475,116,201,0.5770000000000001,150,302,452,57,36,35,96,136,552
Nenê Hilário,PF,32,WAS,67,58,1693,307,601,0.511,1,5,0.2,306,596,0.513,0.512,122,202,0.604,84,261,345,123,66,22,124,180,737
George Hill,PG,28,IND,43,36,1267,255,535,0.47700000000000004,69,193,0.358,186,342,0.544,0.541,113,143,0.79,25,154,179,220,44,14,69,111,692
Jordan Hill,C,27,LAL,70,57,1874,357,777,0.45899999999999996,3,11,0.273,354,766,0.462,0.461,124,168,0.738,174,382,556,103,34,52,106,164,841
Solomon Hill,SF,23,IND,82,78,2381,251,634,0.396,68,208,0.327,183,426,0.43,0.45,159,193,0.8240000000000001,70,244,314,184,66,18,115,177,729
Kirk Hinrich,SG,34,CHI,66,22,1610,142,381,0.373,58,168,0.345,84,213,0.39399999999999996,0.449,35,50,0.7,20,101,121,148,46,14,73,144,377
Jrue Holiday,PG,24,NOP,40,37,1303,238,534,0.446,51,135,0.37799999999999995,187,399,0.469,0.493,65,76,0.855,32,103,135,274,63,23,91,110,592
Justin Holiday,SG,25,GSW,59,4,657,91,235,0.387,35,109,0.321,56,126,0.444,0.462,37,45,0.8220000000000001,12,61,73,48,40,12,29,54,254
Ryan Hollins,C,30,SAC,46,9,441,53,82,0.6459999999999999,0,0,0.0,53,82,0.6459999999999999,0.6459999999999999,31,54,0.574,36,67,103,14,6,19,25,65,137
Rodney Hood,SG,22,UTA,50,21,1064,155,374,0.414,62,170,0.365,93,204,0.456,0.49700000000000005,61,80,0.763,9,108,117,83,30,12,45,119,433
Al Horford,C,28,ATL,76,76,2318,519,965,0.5379999999999999,11,36,0.306,508,929,0.547,0.544,107,141,0.759,131,413,544,244,68,98,100,121,1156
Dwight Howard,C,29,HOU,41,41,1223,251,423,0.593,1,2,0.5,250,421,0.594,0.595,143,271,0.528,110,321,431,50,28,53,115,137,646
Lester Hudson,SG,30,LAC,5,0,56,6,14,0.429,3,6,0.5,3,8,0.375,0.536,3,4,0.75,1,7,8,5,6,1,3,4,18
Robbie Hummel,SF,25,MIN,45,4,742,79,172,0.45899999999999996,16,51,0.314,63,121,0.521,0.506,24,29,0.828,31,103,134,27,16,9,18,86,198
Kris Humphries,PF,29,WAS,64,17,1345,211,446,0.473,0,7,0.0,211,439,0.48100000000000004,0.473,87,117,0.7440000000000001,118,298,416,57,34,25,46,130,509
Serge Ibaka,PF,25,OKC,64,64,2116,374,786,0.47600000000000003,77,205,0.376,297,581,0.511,0.525,92,110,0.836,135,364,499,55,30,155,97,194,917
Andre Iguodala,SF,31,GSW,77,0,2069,231,496,0.466,74,212,0.349,157,284,0.5529999999999999,0.54,68,114,0.596,44,213,257,228,89,25,88,100,604
Ersan İlyasova,PF,27,MIL,58,36,1319,263,557,0.47200000000000003,74,190,0.389,189,367,0.515,0.539,69,107,0.645,80,197,277,56,36,19,45,149,669
Joe Ingles,SF,27,UTA,79,32,1673,147,354,0.415,72,202,0.35600000000000004,75,152,0.493,0.517,30,40,0.75,22,153,175,182,72,10,98,124,396
Kyrie Irving,PG,22,CLE,75,75,2730,578,1235,0.46799999999999997,157,378,0.415,421,857,0.491,0.532,315,365,0.863,55,182,237,389,114,20,186,146,1628
Jarrett Jack,PG,31,BRK,80,27,2241,359,817,0.439,39,146,0.267,320,671,0.47700000000000004,0.46299999999999997,200,227,0.8809999999999999,19,226,245,373,75,13,191,143,957
Reggie Jackson,PG,24,TOT,77,40,2268,432,996,0.434,72,241,0.299,360,755,0.47700000000000004,0.47,181,218,0.83,56,271,327,462,62,9,186,167,1117
Bernard James,C,29,DAL,16,2,158,12,27,0.444,0,0,0.0,12,27,0.444,0.444,20,23,0.87,18,21,39,4,2,15,6,17,44
LeBron James,SF,30,CLE,69,69,2493,624,1279,0.488,120,339,0.354,504,940,0.536,0.535,375,528,0.71,51,365,416,511,109,49,272,135,1743
Al Jefferson,C,30,CHO,65,61,1992,486,1010,0.48100000000000004,2,5,0.4,484,1005,0.48200000000000004,0.48200000000000004,108,165,0.655,99,449,548,113,47,84,68,139,1082
Cory Jefferson,PF,24,BRK,50,1,531,75,167,0.449,2,15,0.133,73,152,0.48,0.455,31,54,0.574,47,98,145,16,10,21,20,61,183
Richard Jefferson,SF,34,DAL,74,18,1244,144,324,0.444,66,155,0.426,78,169,0.462,0.546,78,114,0.684,25,158,183,61,32,11,52,115,432
John Jenkins,SG,23,ATL,24,3,297,49,99,0.495,21,52,0.40399999999999997,28,47,0.596,0.601,16,19,0.8420000000000001,2,37,39,13,10,0,8,15,135
Brandon Jennings,PG,25,DET,41,41,1173,218,543,0.401,76,211,0.36,142,332,0.428,0.47100000000000003,120,143,0.8390000000000001,21,83,104,272,44,4,90,64,632
Jonas Jerebko,PF,27,TOT,75,0,1230,169,379,0.446,54,140,0.386,115,239,0.48100000000000004,0.517,56,66,0.848,93,189,282,71,46,18,44,135,448
Grant Jerrett,PF,21,TOT,8,0,51,7,26,0.26899999999999996,1,15,0.067,6,11,0.545,0.28800000000000003,1,1,1.0,2,7,9,3,2,2,3,11,16
Amir Johnson,PF,27,TOR,75,72,1979,298,519,0.574,19,46,0.413,279,473,0.59,0.5920000000000001,79,129,0.612,159,297,456,117,44,59,110,225,694
Chris Johnson,SF,24,TOT,29,2,526,62,154,0.40299999999999997,28,95,0.295,34,59,0.5760000000000001,0.494,14,16,0.875,8,47,55,15,26,7,15,44,166
James Johnson,PF,27,TOR,70,17,1370,238,404,0.589,11,51,0.21600000000000003,227,353,0.643,0.603,67,102,0.657,61,196,257,95,54,70,79,155,554
Joe Johnson,SG,33,BRK,80,80,2791,446,1025,0.435,121,337,0.359,325,688,0.47200000000000003,0.494,141,176,0.8009999999999999,53,331,384,292,59,14,137,120,1154
Nick Johnson,SG,22,HOU,28,0,262,26,75,0.34700000000000003,5,21,0.23800000000000002,21,54,0.389,0.38,17,25,0.68,13,26,39,11,7,3,19,34,74
Tyler Johnson,SG,22,MIA,32,2,603,70,167,0.419,18,48,0.375,52,119,0.43700000000000006,0.473,32,47,0.6809999999999999,14,67,81,42,33,9,30,42,190
Wesley Johnson,SF,27,LAL,76,59,2245,286,691,0.414,91,259,0.35100000000000003,195,432,0.451,0.48,90,112,0.804,67,252,319,124,59,45,87,162,753
Dahntay Jones,SF,34,LAC,33,0,123,6,21,0.28600000000000003,0,4,0.0,6,17,0.353,0.28600000000000003,9,11,0.818,1,10,11,2,3,0,1,23,21
James Jones,SF,34,CLE,57,2,669,74,201,0.368,63,175,0.36,11,26,0.423,0.525,39,46,0.848,9,53,62,24,13,8,13,67,250
Perry Jones,SF,23,OKC,43,13,631,73,184,0.397,14,60,0.233,59,124,0.47600000000000003,0.435,24,37,0.649,6,70,76,18,17,8,24,50,184
Terrence Jones,PF,23,HOU,33,24,889,158,299,0.528,13,37,0.35100000000000003,145,262,0.5529999999999999,0.55,57,94,0.606,78,142,220,36,18,59,37,78,386
DeAndre Jordan,C,26,LAC,82,82,2820,379,534,0.71,1,4,0.25,378,530,0.713,0.711,187,471,0.397,397,829,1226,61,81,183,109,245,946
Jerome Jordan,C,28,BRK,44,0,383,50,94,0.532,0,0,0.0,50,94,0.532,0.532,38,44,0.8640000000000001,52,53,105,13,8,15,22,58,138
Cory Joseph,PG,23,SAS,79,14,1444,207,411,0.504,16,44,0.364,191,367,0.52,0.523,105,143,0.7340000000000001,44,148,192,188,46,17,67,105,535
Chris Kaman,C,32,POR,74,13,1398,283,549,0.515,0,0,0.0,283,549,0.515,0.515,72,102,0.706,149,335,484,65,18,54,108,140,638
Enes Kanter,C,22,TOT,75,74,2135,482,928,0.519,16,45,0.35600000000000004,466,883,0.528,0.528,183,234,0.782,277,394,671,55,36,29,145,189,1163
Sergey Karasev,SG,21,BRK,33,16,555,54,134,0.40299999999999997,16,54,0.29600000000000004,38,80,0.475,0.46299999999999997,29,38,0.763,22,44,66,46,23,1,24,45,153
Ryan Kelly,PF,23,LAL,52,34,1233,104,309,0.337,45,134,0.336,59,175,0.337,0.409,79,95,0.8320000000000001,13,133,146,92,30,24,37,118,332
Michael Kidd-Gilchrist,SF,21,CHO,55,52,1587,224,482,0.465,0,0,0.0,224,482,0.465,0.465,150,214,0.701,109,307,416,77,30,38,63,115,598
Sean Kilpatrick,SG,25,MIN,4,0,72,7,20,0.35,4,13,0.308,3,7,0.429,0.45,4,4,1.0,1,5,6,4,3,0,2,3,22
Andrei Kirilenko,SF,33,BRK,7,0,36,0,5,0.0,0,0,0.0,0,5,0.0,0.0,3,4,0.75,2,6,8,1,1,0,1,1,3
Alex Kirk,C,23,CLE,5,0,14,1,4,0.25,0,0,0.0,1,4,0.25,0.25,2,2,1.0,1,0,1,1,0,0,0,1,4
Brandon Knight,PG-SG,23,TOT,63,61,2035,375,888,0.42200000000000004,125,321,0.389,250,567,0.441,0.493,195,223,0.8740000000000001,28,216,244,330,90,10,189,114,1070
Kyle Korver,SG,33,ATL,75,75,2418,292,600,0.48700000000000004,221,449,0.49200000000000005,71,151,0.47,0.6709999999999999,106,118,0.898,15,289,304,196,52,42,107,140,911
Kosta Koufos,C,25,MEM,81,3,1348,182,358,0.508,0,0,0.0,182,358,0.508,0.508,55,85,0.647,121,305,426,37,29,63,69,148,419
Ognjen Kuzmić,C,24,GSW,16,0,72,8,12,0.667,0,0,0.0,8,12,0.667,0.667,4,4,1.0,7,10,17,6,2,1,5,13,20
Jeremy Lamb,SG,22,OKC,47,8,633,104,250,0.41600000000000004,38,111,0.342,66,139,0.475,0.49200000000000005,49,55,0.8909999999999999,8,99,107,44,21,6,27,52,295
Carl Landry,PF,31,SAC,70,15,1192,190,369,0.515,0,0,0.0,190,369,0.515,0.515,123,150,0.82,99,169,268,26,15,17,54,132,503
Shane Larkin,PG,22,NYK,76,22,1865,187,432,0.433,35,116,0.302,152,316,0.48100000000000004,0.473,61,78,0.782,29,147,176,226,93,9,83,150,470
Joffrey Lauvergne,C,23,DEN,24,1,268,36,89,0.40399999999999997,3,16,0.188,33,73,0.452,0.42100000000000004,18,28,0.643,27,50,77,13,8,10,22,43,93
Zach LaVine,PG,19,MIN,77,40,1902,286,677,0.42200000000000004,57,167,0.341,229,510,0.449,0.465,149,177,0.8420000000000001,27,187,214,276,54,10,193,158,778
Ty Lawson,PG,27,DEN,75,75,2665,404,926,0.436,70,205,0.341,334,721,0.46299999999999997,0.474,265,363,0.73,42,192,234,720,92,9,185,128,1143
Ricky Ledo,SG,22,TOT,17,0,244,32,96,0.33299999999999996,10,27,0.37,22,69,0.319,0.385,16,22,0.727,16,20,36,19,6,1,26,21,90
Courtney Lee,SG,29,MEM,77,74,2354,288,643,0.44799999999999995,90,224,0.402,198,419,0.473,0.518,111,129,0.86,21,157,178,151,75,12,78,129,777
David Lee,PF,31,GSW,49,4,904,160,313,0.511,0,2,0.0,160,311,0.514,0.511,68,104,0.654,81,176,257,85,31,26,49,83,388
Malcolm Lee,SG,24,PHI,1,0,2,0,1,0.0,0,0,0.0,0,1,0.0,0.0,0,0,0.0,0,0,0,0,0,0,0,0,0
Alex Len,C,21,PHO,69,44,1518,179,353,0.507,1,3,0.33299999999999996,178,350,0.509,0.508,73,104,0.7020000000000001,142,312,454,32,34,105,74,213,432
Kawhi Leonard,SF,23,SAS,64,64,2033,394,822,0.479,67,192,0.349,327,630,0.519,0.52,202,252,0.802,85,376,461,161,148,48,97,128,1057
Meyers Leonard,C,22,POR,55,7,847,125,245,0.51,47,112,0.42,78,133,0.586,0.606,30,32,0.938,46,204,250,32,10,14,39,113,327
Jon Leuer,PF,25,MEM,63,6,824,121,273,0.44299999999999995,7,29,0.24100000000000002,114,244,0.467,0.456,37,59,0.627,50,157,207,46,17,9,35,86,286
Damian Lillard,PG,24,POR,82,82,2925,590,1360,0.434,196,572,0.34299999999999997,394,788,0.5,0.506,344,398,0.8640000000000001,49,329,378,507,97,21,222,164,1720
Jeremy Lin,PG,26,LAL,74,30,1907,277,654,0.424,65,176,0.369,212,478,0.444,0.473,213,268,0.795,26,170,196,339,82,32,166,189,832
Shaun Livingston,PG,29,GSW,78,2,1468,198,396,0.5,0,2,0.0,198,394,0.503,0.5,65,91,0.7140000000000001,43,140,183,259,49,20,102,110,461
Brook Lopez,C,26,BRK,72,44,2100,506,987,0.513,1,10,0.1,505,977,0.517,0.513,223,274,0.8140000000000001,214,321,535,50,43,126,104,206,1236
Robin Lopez,C,26,POR,59,59,1638,234,437,0.535,0,1,0.0,234,436,0.537,0.535,98,127,0.772,190,204,394,55,16,84,73,122,566
Kevin Love,PF,26,CLE,75,75,2532,413,952,0.434,144,392,0.36700000000000005,269,560,0.48,0.509,258,321,0.804,142,589,731,168,51,39,122,140,1228
Kyle Lowry,PG,28,TOR,70,70,2414,430,1043,0.41200000000000003,132,391,0.33799999999999997,298,652,0.457,0.47600000000000003,252,312,0.8079999999999999,54,274,328,473,109,13,173,212,1244
Kalin Lucas,PG,25,MEM,1,0,6,0,1,0.0,0,0,0.0,0,1,0.0,0.0,0,0,0.0,0,0,0,0,1,0,0,1,0
John Lucas III,PG,32,DET,21,0,272,42,104,0.40399999999999997,9,29,0.31,33,75,0.44,0.447,5,5,1.0,4,12,16,60,8,0,16,18,98
Shelvin Mack,PG,24,ATL,55,0,833,117,292,0.401,40,127,0.315,77,165,0.467,0.469,25,31,0.8059999999999999,8,71,79,155,30,2,49,32,299
Ian Mahinmi,C,28,IND,61,6,1146,117,212,0.552,0,0,0.0,117,212,0.552,0.552,31,102,0.304,105,251,356,33,30,46,59,172,265
Devyn Marble,SG,22,ORL,16,7,208,14,44,0.318,4,22,0.182,10,22,0.455,0.364,5,16,0.313,5,26,31,17,9,2,9,14,37
Shawn Marion,SF,36,CLE,57,24,1101,119,267,0.446,12,46,0.261,107,221,0.484,0.46799999999999997,26,34,0.765,64,138,202,51,27,27,33,58,276
Kendall Marshall,PG,23,MIL,28,3,417,46,101,0.455,18,46,0.391,28,55,0.509,0.545,8,9,0.889,2,26,28,86,21,0,35,26,118
Cartier Martin,SF,30,DET,23,0,198,15,53,0.28300000000000003,6,33,0.182,9,20,0.45,0.34,0,0,0.0,0,20,20,11,3,1,5,20,36
Kenyon Martin,PF,37,MIL,11,0,104,9,22,0.409,0,0,0.0,9,22,0.409,0.409,2,2,1.0,6,13,19,5,5,6,3,13,20
Kevin Martin,SG,31,MIN,39,36,1302,267,625,0.42700000000000005,75,191,0.39299999999999996,192,434,0.442,0.48700000000000004,170,193,0.8809999999999999,19,123,142,89,33,1,76,76,779
Wesley Matthews,SG,28,POR,60,60,2024,337,752,0.44799999999999995,173,445,0.389,164,307,0.534,0.563,109,145,0.752,38,184,222,139,77,10,81,132,956
Jason Maxiell,PF,31,CHO,61,0,878,81,192,0.42200000000000004,0,0,0.0,81,192,0.42200000000000004,0.42200000000000004,41,71,0.5770000000000001,86,117,203,19,18,44,29,96,203
O.J. Mayo,SG,27,MIL,71,15,1697,296,701,0.42200000000000004,99,277,0.35700000000000004,197,424,0.465,0.493,115,139,0.8270000000000001,30,157,187,197,57,18,128,165,806
Luc Mbah a Moute,PF,28,PHI,67,61,1916,251,636,0.395,62,202,0.307,189,434,0.435,0.44299999999999995,96,163,0.589,82,246,328,106,81,21,99,104,660
James Michael McAdoo,PF,22,GSW,15,0,137,24,44,0.545,0,0,0.0,24,44,0.545,0.545,14,25,0.56,15,22,37,2,5,9,6,21,62
Ray McCallum,PG,23,SAC,68,30,1436,206,470,0.43799999999999994,34,111,0.306,172,359,0.479,0.474,57,84,0.679,52,128,180,188,45,11,85,92,503
CJ McCollum,SG,23,POR,62,3,973,159,365,0.436,55,139,0.396,104,226,0.46,0.511,51,73,0.6990000000000001,14,77,91,64,43,8,48,81,424
K.J. McDaniels,SG,21,TOT,62,15,1352,172,434,0.396,43,150,0.287,129,284,0.45399999999999996,0.446,100,133,0.752,65,135,200,72,44,70,105,126,487
Doug McDermott,SF,23,CHI,36,0,321,43,107,0.402,13,41,0.317,30,66,0.455,0.46299999999999997,10,15,0.667,6,37,43,6,4,1,17,29,109
Mitch McGary,PF,22,OKC,32,2,485,88,165,0.5329999999999999,0,2,0.0,88,163,0.54,0.5329999999999999,25,40,0.625,53,112,165,14,16,16,31,72,201
JaVale McGee,C,27,TOT,23,0,256,42,79,0.532,0,0,0.0,42,79,0.532,0.532,22,33,0.667,18,43,61,3,2,20,18,30,106
Ben McLemore,SG,21,SAC,82,82,2670,363,831,0.43700000000000006,140,391,0.358,223,440,0.507,0.521,130,160,0.813,31,210,241,140,77,19,138,219,996
Jerel McNeal,PG,27,PHO,6,0,36,3,11,0.273,1,2,0.5,2,9,0.222,0.318,2,2,1.0,0,3,3,2,3,1,5,5,9
Josh McRoberts,PF,27,MIA,17,4,296,28,53,0.528,8,19,0.42100000000000004,20,34,0.588,0.604,8,13,0.615,7,38,45,33,12,3,22,41,72
Jodie Meeks,SG,27,DET,60,0,1462,222,534,0.41600000000000004,74,212,0.349,148,322,0.46,0.485,145,160,0.9059999999999999,12,92,104,79,59,6,57,76,663
Gal Mekel,PG,26,NOP,4,0,43,3,20,0.15,0,3,0.0,3,17,0.17600000000000002,0.15,0,0,0.0,0,1,1,13,2,0,2,1,6
Khris Middleton,SF,23,MIL,79,58,2378,406,869,0.467,109,268,0.40700000000000003,297,601,0.494,0.53,134,156,0.8590000000000001,48,299,347,182,122,11,113,183,1055
C.J. Miles,SG,27,IND,70,40,1841,329,827,0.39799999999999996,154,446,0.345,175,381,0.45899999999999996,0.491,130,161,0.807,18,196,214,75,60,26,73,132,942
Andre Miller,PG,38,TOT,81,0,1253,145,290,0.5,7,34,0.20600000000000002,138,256,0.539,0.512,58,77,0.753,37,116,153,284,32,6,104,103,355
Darius Miller,SF,24,NOP,5,1,43,1,7,0.14300000000000002,0,1,0.0,1,6,0.16699999999999998,0.14300000000000002,0,0,0.0,0,1,1,2,1,0,1,8,2
Mike Miller,SF,34,CLE,52,15,701,37,114,0.325,32,98,0.327,5,16,0.313,0.465,3,4,0.75,4,87,91,46,14,4,23,74,109
Quincy Miller,PF,22,TOT,10,0,119,9,38,0.237,3,18,0.16699999999999998,6,20,0.3,0.276,8,11,0.727,4,16,20,8,7,5,5,9,29
Patty Mills,PG,26,SAS,51,0,801,128,336,0.381,62,182,0.341,66,154,0.429,0.473,33,40,0.825,21,54,75,87,28,2,35,58,351
Elijah Millsap,SG,27,UTA,47,5,924,81,238,0.34,28,90,0.311,53,148,0.358,0.39899999999999997,58,86,0.674,28,122,150,58,56,16,67,124,248
Paul Millsap,PF,29,ATL,73,73,2390,443,930,0.47600000000000003,77,216,0.35600000000000004,366,714,0.513,0.518,255,337,0.757,139,431,570,223,130,69,166,201,1218
Nikola Mirotić,PF,23,CHI,82,3,1654,253,624,0.405,99,313,0.316,154,311,0.495,0.485,228,284,0.8029999999999999,63,341,404,97,54,54,89,172,833
Nazr Mohammed,C,37,CHI,23,0,128,13,30,0.433,0,0,0.0,13,30,0.433,0.433,1,3,0.33299999999999996,11,27,38,3,4,5,7,16,27
Greg Monroe,PF,24,DET,69,57,2137,423,853,0.496,0,0,0.0,423,853,0.496,0.496,252,336,0.75,229,475,704,142,78,34,149,148,1098
E'Twaun Moore,SG,25,CHI,56,0,504,62,139,0.446,13,38,0.342,49,101,0.485,0.493,12,20,0.6,12,34,46,33,20,6,14,45,149
Eric Moreland,PF,23,SAC,3,0,2,1,1,1.0,0,0,0.0,1,1,1.0,1.0,0,0,0.0,0,1,1,0,0,0,0,1,2
Darius Morris,PG,24,BRK,38,0,299,36,106,0.34,7,33,0.212,29,73,0.397,0.373,4,9,0.444,7,20,27,48,9,0,21,20,83
Marcus Morris,PF,25,PHO,81,35,2045,331,763,0.434,112,313,0.358,219,450,0.48700000000000004,0.507,71,113,0.628,73,312,385,133,63,16,73,188,845
Markieff Morris,PF,25,PHO,82,82,2581,512,1100,0.465,57,179,0.318,455,921,0.494,0.491,177,232,0.763,110,396,506,192,101,39,170,245,1258
Anthony Morrow,SG,29,OKC,74,0,1806,285,615,0.46299999999999997,141,325,0.434,144,290,0.49700000000000005,0.578,79,89,0.888,40,155,195,60,54,11,38,135,790
Donatas Motiejūnas,PF,24,HOU,71,62,2037,353,700,0.504,49,133,0.368,304,567,0.536,0.539,100,166,0.602,137,284,421,130,56,34,123,203,855
Timofey Mozgov,C,28,TOT,81,80,2045,314,566,0.555,2,6,0.33299999999999996,312,560,0.557,0.557,155,216,0.718,203,388,591,55,33,97,116,227,785
Shabazz Muhammad,SG,22,MIN,38,13,866,194,397,0.489,20,51,0.392,174,346,0.503,0.514,104,145,0.7170000000000001,63,91,154,44,18,7,35,49,512
Toure' Murry,SG-PG,25,TOT,5,0,18,2,5,0.4,0,0,0.0,2,5,0.4,0.4,2,2,1.0,1,0,1,1,1,0,4,2,6
Mike Muscala,PF,23,ATL,40,8,502,83,151,0.55,9,22,0.409,74,129,0.574,0.579,22,25,0.88,52,67,119,25,16,19,21,52,197
Shabazz Napier,PG,23,MIA,51,10,1012,87,228,0.382,43,118,0.364,44,110,0.4,0.47600000000000003,44,56,0.7859999999999999,17,96,113,130,40,4,81,76,261
Gary Neal,SG,30,TOT,54,1,1193,188,503,0.374,50,164,0.305,138,339,0.40700000000000003,0.423,117,135,0.867,14,115,129,100,23,1,65,88,543
Jameer Nelson,PG,32,TOT,63,29,1407,205,504,0.40700000000000003,89,258,0.345,116,246,0.47200000000000003,0.495,24,36,0.667,33,113,146,253,47,6,109,136,523
Andrew Nicholson,PF,25,ORL,40,3,492,83,190,0.43700000000000006,13,41,0.317,70,149,0.47,0.47100000000000003,15,25,0.6,17,65,82,22,6,12,24,51,194
Joakim Noah,C,29,CHI,67,67,2049,190,427,0.445,0,2,0.0,190,425,0.447,0.445,105,174,0.603,219,427,646,312,48,74,123,203,485
Nerlens Noel,C,20,PHI,75,71,2311,302,653,0.462,0,0,0.0,302,653,0.462,0.462,140,230,0.609,185,426,611,128,133,142,146,208,744
Lucas Nogueira,C,22,TOR,6,0,23,2,8,0.25,0,0,0.0,2,8,0.25,0.25,2,4,0.5,2,9,11,1,2,0,2,6,6
Steve Novak,SF-PF,31,TOT,35,0,197,22,56,0.39299999999999996,19,48,0.396,3,8,0.375,0.563,0,2,0.0,2,20,22,11,0,2,5,23,63
Dirk Nowitzki,PF,36,DAL,77,77,2282,487,1062,0.45899999999999996,104,274,0.38,383,788,0.486,0.508,255,289,0.882,44,413,457,143,39,33,82,160,1333
Jusuf Nurkić,C,20,DEN,62,27,1103,171,383,0.446,0,2,0.0,171,381,0.449,0.446,84,132,0.636,125,257,382,50,52,68,86,207,426
Johnny O'Bryant,PF,21,MIL,34,15,368,44,120,0.36700000000000005,0,0,0.0,44,120,0.36700000000000005,0.36700000000000005,12,27,0.444,26,38,64,17,5,4,25,44,100
Kyle O'Quinn,PF,24,ORL,51,17,824,119,242,0.49200000000000005,12,43,0.27899999999999997,107,199,0.5379999999999999,0.517,44,57,0.772,46,153,199,59,31,39,55,110,294
Victor Oladipo,SG,22,ORL,72,71,2573,473,1086,0.436,84,248,0.33899999999999997,389,838,0.46399999999999997,0.474,262,320,0.8190000000000001,51,251,302,295,120,19,204,187,1292
Kelly Olynyk,C,23,BOS,64,13,1423,251,528,0.475,61,175,0.349,190,353,0.5379999999999999,0.5329999999999999,93,136,0.684,92,211,303,109,64,39,98,213,656
Arinze Onuaku,C,27,MIN,6,1,68,12,14,0.857,0,0,0.0,12,14,0.857,0.857,3,8,0.375,7,14,21,4,1,3,2,6,27
Zaza Pachulia,C,30,MIL,73,45,1730,240,529,0.45399999999999996,0,3,0.0,240,526,0.456,0.45399999999999996,126,160,0.7879999999999999,197,303,500,178,80,21,133,170,606
Kostas Papanikolaou,SF,24,HOU,43,1,795,69,197,0.35,31,106,0.292,38,91,0.418,0.429,13,18,0.722,39,79,118,85,29,13,55,71,182
Jannero Pargo,PG,35,CHO,9,0,73,15,35,0.429,9,22,0.409,6,13,0.462,0.557,2,2,1.0,0,3,3,8,0,0,3,8,41
Jabari Parker,PF,19,MIL,25,25,738,129,263,0.49,4,16,0.25,125,247,0.506,0.498,46,66,0.6970000000000001,50,88,138,42,31,5,47,42,308
Tony Parker,PG,32,SAS,68,68,1953,404,832,0.486,38,89,0.42700000000000005,366,743,0.493,0.508,130,166,0.7829999999999999,15,114,129,335,44,2,146,108,976
Chandler Parsons,SF,26,DAL,66,66,2186,383,829,0.462,132,347,0.38,251,482,0.521,0.542,139,193,0.72,64,259,323,161,69,19,96,140,1037
Patrick Patterson,PF,25,TOR,81,4,2156,240,535,0.449,105,283,0.371,135,252,0.536,0.547,63,80,0.7879999999999999,127,306,433,155,60,44,54,149,648
Chris Paul,PG,29,LAC,82,82,2857,568,1170,0.485,139,349,0.39799999999999996,429,821,0.523,0.545,289,321,0.9,52,324,376,838,156,15,190,203,1564
Adreian Payne,PF,23,TOT,32,22,739,91,220,0.414,1,9,0.111,90,211,0.42700000000000005,0.41600000000000004,30,46,0.652,48,114,162,30,19,9,44,88,213
Elfrid Payton,PG,20,ORL,82,63,2489,301,708,0.425,11,42,0.262,290,666,0.435,0.433,118,214,0.551,107,242,349,533,142,20,203,193,731
Nikola Peković,C,29,MIN,31,29,815,139,328,0.424,0,0,0.0,139,328,0.424,0.424,108,129,0.8370000000000001,89,145,234,27,19,12,42,59,386
Kendrick Perkins,C,30,TOT,68,3,1148,102,227,0.449,0,1,0.0,102,226,0.451,0.449,42,83,0.506,91,229,320,51,16,42,95,162,246
Paul Pierce,SF,37,WAS,73,73,1914,293,656,0.447,118,303,0.389,175,353,0.496,0.537,164,210,0.7809999999999999,45,249,294,144,46,24,92,160,868
Mason Plumlee,C,24,BRK,82,45,1743,280,489,0.573,0,3,0.0,280,486,0.5760000000000001,0.573,157,317,0.495,175,337,512,74,65,63,106,207,717
Miles Plumlee,C,26,TOT,73,28,1194,136,254,0.535,0,0,0.0,136,254,0.535,0.535,22,46,0.478,112,208,320,34,41,66,51,111,294
Quincy Pondexter,SF-SG,26,TOT,75,30,1793,188,447,0.42100000000000004,91,244,0.373,97,203,0.478,0.522,71,96,0.74,53,142,195,94,19,24,51,150,538
Otto Porter,SF,21,WAS,74,13,1432,176,391,0.45,35,104,0.337,141,287,0.491,0.495,58,79,0.7340000000000001,70,151,221,65,44,30,52,97,445
Dwight Powell,PF,23,TOT,29,0,236,31,67,0.46299999999999997,3,11,0.273,28,56,0.5,0.485,25,33,0.758,18,32,50,9,9,6,11,40,90
Phil Pressey,PG,23,BOS,50,0,600,64,174,0.368,16,65,0.24600000000000002,48,109,0.44,0.414,33,49,0.6729999999999999,13,67,80,117,30,6,41,54,177
A.J. Price,PG,28,TOT,26,0,324,51,137,0.37200000000000005,15,57,0.263,36,80,0.45,0.42700000000000005,16,24,0.667,6,26,32,46,7,0,14,15,133
Ronnie Price,PG,31,LAL,43,20,982,77,223,0.345,31,109,0.284,46,114,0.40399999999999997,0.415,36,45,0.8,19,50,69,165,67,4,52,118,221
Pablo Prigioni,PG,37,TOT,67,3,1197,91,228,0.39899999999999997,57,166,0.34299999999999997,34,62,0.5479999999999999,0.524,35,41,0.8540000000000001,30,89,119,171,79,1,62,88,274
Tayshaun Prince,SF,34,TOT,58,16,1397,177,402,0.44,31,67,0.46299999999999997,146,335,0.436,0.479,49,65,0.754,52,158,210,93,29,16,35,55,434
Miroslav Raduljica,C,27,MIN,5,0,23,3,8,0.375,0,0,0.0,3,8,0.375,0.375,2,2,1.0,2,3,5,0,1,0,2,8,8
Julius Randle,PF,20,LAL,1,0,14,1,3,0.33299999999999996,0,0,0.0,1,3,0.33299999999999996,0.33299999999999996,0,2,0.0,0,0,0,0,0,0,1,1,2
Shavlik Randolph,PF,31,TOT,21,0,126,9,35,0.257,0,5,0.0,9,30,0.3,0.257,6,12,0.5,16,22,38,4,5,3,3,16,24
Zach Randolph,PF,33,MEM,71,71,2304,454,932,0.48700000000000004,7,20,0.35,447,912,0.49,0.491,228,298,0.765,225,522,747,153,69,14,156,175,1143
J.J. Redick,SG,30,LAC,78,78,2409,447,938,0.47700000000000004,200,458,0.43700000000000006,247,480,0.515,0.583,183,203,0.9009999999999999,22,145,167,137,39,8,95,134,1277
Glen Rice,SG,24,WAS,5,0,43,3,15,0.2,1,7,0.14300000000000002,2,8,0.25,0.233,4,6,0.667,2,2,4,2,0,0,2,11,11
Jason Richardson,SG,34,PHI,19,15,416,62,178,0.348,31,96,0.32299999999999995,31,82,0.37799999999999995,0.435,17,22,0.773,13,53,66,38,13,3,16,28,172
Luke Ridnour,PG,33,ORL,47,0,683,75,176,0.426,20,63,0.317,55,113,0.48700000000000004,0.483,18,21,0.857,8,60,68,96,20,4,38,67,188
Austin Rivers,PG-SG,22,TOT,76,5,1563,203,496,0.409,39,131,0.298,164,365,0.449,0.449,85,126,0.675,27,125,152,155,48,14,65,146,530
Andre Roberson,SG,23,OKC,67,65,1286,92,201,0.45799999999999996,21,85,0.247,71,116,0.612,0.51,23,48,0.479,60,195,255,70,53,29,46,141,228
Brian Roberts,PG,29,CHO,72,10,1330,176,452,0.389,62,193,0.321,114,259,0.44,0.45799999999999996,66,74,0.892,13,96,109,162,33,6,57,75,480
Glenn Robinson,SG-SF,21,TOT,35,1,261,26,67,0.38799999999999996,5,19,0.263,21,48,0.43799999999999994,0.425,16,24,0.667,15,24,39,11,6,1,11,15,73
Nate Robinson,PG,30,TOT,42,1,591,88,255,0.345,31,112,0.27699999999999997,57,143,0.39899999999999997,0.406,31,46,0.674,17,33,50,97,20,3,30,76,238
Thomas Robinson,PF,23,TOT,54,4,798,126,260,0.485,0,2,0.0,126,258,0.488,0.485,56,106,0.528,95,208,303,33,32,20,59,104,308
Rajon Rondo,PG,28,TOT,68,68,2018,275,645,0.426,27,86,0.314,248,559,0.444,0.447,31,78,0.397,73,300,373,538,91,7,210,153,608
Derrick Rose,PG,26,CHI,51,51,1530,338,835,0.405,76,271,0.28,262,564,0.465,0.45,152,187,0.813,35,126,161,251,36,16,161,63,904
Terrence Ross,SF,23,TOR,82,61,2092,309,753,0.41,145,390,0.37200000000000005,164,363,0.452,0.507,44,56,0.7859999999999999,32,194,226,86,53,25,69,136,807
Ricky Rubio,PG,24,MIN,22,22,692,78,219,0.35600000000000004,13,51,0.255,65,168,0.387,0.386,57,71,0.8029999999999999,19,106,125,193,38,1,64,59,226
Damjan Rudež,SF,28,IND,68,2,1047,119,263,0.452,69,170,0.406,50,93,0.5379999999999999,0.584,16,23,0.696,8,39,47,53,16,5,47,79,323
Brandon Rush,SG,29,GSW,33,0,271,11,54,0.204,3,27,0.111,8,27,0.29600000000000004,0.231,5,11,0.455,4,37,41,12,5,12,11,27,30
Robert Sacre,C,25,LAL,67,18,1133,126,306,0.41200000000000003,0,1,0.0,126,305,0.413,0.41200000000000003,55,82,0.6709999999999999,89,144,233,55,28,43,36,121,307
John Salmons,SF,35,NOP,21,0,270,16,48,0.33299999999999996,8,26,0.308,8,22,0.364,0.41700000000000004,2,4,0.5,4,17,21,13,9,4,5,25,42
JaKarr Sampson,SF,21,PHI,74,32,1131,146,346,0.42200000000000004,31,127,0.244,115,219,0.525,0.467,63,94,0.67,35,128,163,77,38,26,76,135,386
Larry Sanders,C,26,MIL,27,26,586,86,172,0.5,0,0,0.0,86,172,0.5,0.5,24,48,0.5,67,99,166,23,26,39,28,104,196
Dennis Schröder,PG,21,ATL,77,10,1516,284,665,0.42700000000000005,52,148,0.35100000000000003,232,517,0.449,0.466,148,179,0.8270000000000001,29,135,164,317,49,4,150,127,768
Luis Scola,PF,34,IND,81,16,1659,300,642,0.467,5,20,0.25,295,622,0.474,0.47100000000000003,158,226,0.6990000000000001,138,388,526,105,47,18,94,192,763
Mike Scott,PF,26,ATL,68,0,1123,201,453,0.444,66,192,0.344,135,261,0.517,0.517,61,77,0.792,45,154,199,75,25,3,39,83,529
Thabo Sefolosha,SF,30,ATL,52,7,976,104,249,0.418,25,78,0.321,79,171,0.462,0.46799999999999997,45,58,0.7759999999999999,53,170,223,75,53,21,38,67,278
Kevin Séraphin,C,25,WAS,79,0,1235,231,450,0.513,0,2,0.0,231,448,0.516,0.513,58,82,0.7070000000000001,87,201,288,59,10,59,98,197,520
Ramon Sessions,PG,28,TOT,64,10,1188,125,334,0.374,19,60,0.317,106,274,0.387,0.40299999999999997,133,173,0.769,23,121,144,182,29,0,86,73,402
Iman Shumpert,SG,24,TOT,62,25,1545,193,471,0.41,67,196,0.342,126,275,0.45799999999999996,0.48100000000000004,43,64,0.672,55,169,224,135,81,16,91,138,496
Alexey Shved,SG,26,TOT,42,9,767,133,335,0.397,47,139,0.33799999999999997,86,196,0.439,0.467,121,150,0.807,23,76,99,106,30,6,48,48,434
Henry Sims,C,24,PHI,73,32,1399,238,502,0.474,4,22,0.182,234,480,0.488,0.478,106,137,0.774,121,238,359,79,39,30,99,135,586
Kyle Singler,SF,26,TOT,80,58,1743,172,446,0.386,96,241,0.39799999999999996,76,205,0.371,0.493,40,52,0.769,33,161,194,85,47,21,55,153,480
Donald Sloan,PG,27,IND,53,21,1107,145,355,0.408,41,131,0.313,104,224,0.46399999999999997,0.466,60,77,0.779,12,131,143,190,23,0,65,47,391
Marcus Smart,PG,20,BOS,67,38,1808,175,477,0.36700000000000005,91,272,0.335,84,205,0.41,0.462,82,127,0.6459999999999999,61,161,222,208,99,18,90,176,523
Greg Smith,PF,24,DAL,42,2,363,30,49,0.612,0,0,0.0,30,49,0.612,0.612,20,39,0.513,26,53,79,9,7,11,11,53,80
Ish Smith,PG,26,TOT,55,14,832,143,367,0.39,18,60,0.3,125,307,0.40700000000000003,0.414,34,57,0.596,15,85,100,180,36,6,78,50,338
J.R. Smith,SG,29,TOT,70,51,2080,315,755,0.41700000000000004,163,426,0.38299999999999995,152,329,0.462,0.525,54,72,0.75,30,188,218,195,82,22,97,163,847
Jason Smith,C,28,NYK,82,31,1785,257,592,0.434,15,42,0.35700000000000004,242,550,0.44,0.447,127,153,0.83,98,226,324,140,32,44,104,205,656
Josh Smith,PF,29,TOT,83,35,2300,414,987,0.419,72,228,0.316,342,759,0.451,0.456,127,255,0.498,152,378,530,277,87,116,206,228,1027
Russ Smith,PG,23,TOT,12,0,65,8,25,0.32,2,11,0.182,6,14,0.429,0.36,12,13,0.9229999999999999,1,5,6,8,3,0,12,13,30
Tony Snell,SF,23,CHI,72,22,1412,159,371,0.429,73,197,0.371,86,174,0.494,0.527,44,55,0.8,31,145,176,62,32,11,48,86,435
Marreese Speights,C,27,GSW,76,9,1207,318,646,0.49200000000000005,5,18,0.278,313,628,0.498,0.496,150,178,0.843,109,216,325,72,20,34,82,189,791
Tiago Splitter,C,30,SAS,52,35,1030,169,303,0.5579999999999999,0,0,0.0,169,303,0.5579999999999999,0.5579999999999999,90,120,0.75,91,161,252,78,35,37,60,103,428
Nik Stauskas,SG,21,SAC,73,1,1127,108,296,0.365,48,149,0.322,60,147,0.408,0.446,55,64,0.8590000000000001,11,77,88,67,20,17,40,92,319
Lance Stephenson,SG,24,CHO,61,25,1573,207,550,0.376,18,105,0.171,189,445,0.425,0.39299999999999996,69,110,0.627,39,238,277,240,38,8,128,134,501
Greg Stiemsma,C,29,TOR,17,0,66,6,8,0.75,0,0,0.0,6,8,0.75,0.75,2,4,0.5,9,6,15,3,2,0,7,15,14
David Stockton,PG,23,SAC,3,0,33,2,6,0.33299999999999996,1,2,0.5,1,4,0.25,0.41700000000000004,3,6,0.5,0,2,2,9,2,0,4,1,8
Jarnell Stokes,PF,21,MEM,19,2,126,21,37,0.568,0,0,0.0,21,37,0.568,0.568,15,28,0.536,16,18,34,4,5,5,7,25,57
Amar'e Stoudemire,PF,32,TOT,59,15,1245,273,490,0.557,0,4,0.0,273,486,0.562,0.557,134,186,0.72,110,219,329,45,29,38,78,161,680
Rodney Stuckey,PG,28,IND,71,36,1874,332,754,0.44,55,141,0.39,277,613,0.452,0.47700000000000004,177,216,0.8190000000000001,36,212,248,219,56,10,118,131,896
Jared Sullinger,PF,22,BOS,58,49,1566,311,708,0.439,52,184,0.28300000000000003,259,524,0.494,0.47600000000000003,96,129,0.7440000000000001,147,294,441,134,44,42,78,153,770
Jeffery Taylor,SF,25,CHO,29,13,430,45,114,0.395,11,36,0.306,34,78,0.436,0.44299999999999995,26,41,0.634,14,39,53,22,12,1,19,36,127
Jeff Teague,PG,26,ATL,73,72,2228,408,887,0.46,71,207,0.34299999999999997,337,680,0.496,0.5,275,319,0.862,30,154,184,513,125,31,205,139,1162
Mirza Teletović,PF,29,BRK,40,4,892,122,319,0.382,62,193,0.321,60,126,0.47600000000000003,0.48,33,46,0.7170000000000001,27,167,194,46,14,16,53,74,339
Sebastian Telfair,PG,29,OKC,16,1,327,46,125,0.368,18,60,0.3,28,65,0.431,0.44,24,34,0.706,2,28,30,45,10,0,18,29,134
Garrett Temple,SG,28,WAS,52,18,735,68,170,0.4,33,88,0.375,35,82,0.42700000000000005,0.49700000000000005,35,48,0.7290000000000001,24,66,90,56,42,9,34,76,204
Jason Terry,SG,37,HOU,77,18,1641,188,446,0.42200000000000004,126,323,0.39,62,123,0.504,0.563,39,48,0.813,15,106,121,147,66,19,74,116,541
Isaiah Thomas,PG,25,TOT,67,1,1726,335,797,0.42,129,346,0.373,206,451,0.457,0.501,302,348,0.868,33,120,153,284,57,5,143,150,1101
Lance Thomas,PF-SF,26,TOT,62,37,1490,182,442,0.41200000000000003,7,22,0.318,175,420,0.41700000000000004,0.42,72,99,0.727,65,130,195,69,37,8,74,101,443
Malcolm Thomas,PF,26,PHI,17,0,194,18,40,0.45,0,7,0.0,18,33,0.545,0.45,9,13,0.6920000000000001,16,40,56,7,3,1,13,17,45
Tyrus Thomas,PF,28,MEM,2,0,7,1,1,1.0,0,0,0.0,1,1,1.0,1.0,2,2,1.0,0,0,0,1,0,0,0,0,4
Hollis Thompson,SG,23,PHI,71,23,1776,224,543,0.413,115,287,0.401,109,256,0.426,0.518,63,89,0.708,53,145,198,85,57,26,66,141,626
Jason Thompson,PF,28,SAC,81,63,1991,201,428,0.47,0,1,0.0,201,427,0.47100000000000003,0.47,89,143,0.622,139,391,530,85,33,57,84,239,491
Klay Thompson,SG,24,GSW,77,77,2455,602,1299,0.46299999999999997,239,545,0.439,363,754,0.48100000000000004,0.555,225,256,0.879,27,220,247,222,87,60,149,122,1668
Tristan Thompson,PF,23,CLE,82,15,2194,267,488,0.547,0,0,0.0,267,488,0.547,0.547,159,248,0.6409999999999999,274,383,657,39,34,61,83,189,693
Marcus Thornton,SG,27,TOT,48,0,721,140,345,0.406,54,143,0.37799999999999995,86,202,0.426,0.484,46,56,0.821,23,63,86,36,27,7,27,38,380
Anthony Tolliver,PF,29,TOT,76,11,1432,161,393,0.41,106,290,0.366,55,103,0.534,0.545,54,69,0.7829999999999999,51,185,236,59,24,16,51,137,482
P.J. Tucker,SF,29,PHO,78,63,2383,261,596,0.43799999999999994,87,252,0.345,174,344,0.506,0.511,104,143,0.727,114,388,502,122,107,23,96,179,713
Ronny Turiaf,C,32,MIN,2,0,19,0,0,0.0,0,0,0.0,0,0,0.0,0.0,0,0,0.0,0,1,1,2,0,0,0,0,0
Hedo Türkoğlu,SF,35,LAC,62,2,705,83,188,0.441,60,139,0.43200000000000005,23,49,0.469,0.601,6,11,0.545,5,94,99,37,19,7,29,66,232
Evan Turner,SG,26,BOS,82,57,2260,320,746,0.429,33,119,0.27699999999999997,287,627,0.45799999999999996,0.451,106,141,0.752,40,377,417,449,83,19,198,180,779
Ekpe Udoh,PF,27,LAC,33,0,128,11,24,0.45799999999999996,0,0,0.0,11,24,0.45799999999999996,0.45799999999999996,7,9,0.778,7,19,26,8,8,7,7,20,29
Beno Udrih,PG,32,MEM,79,12,1494,246,505,0.48700000000000004,26,97,0.268,220,408,0.539,0.513,87,102,0.853,20,123,143,220,46,8,89,88,605
Jonas Valančiūnas,C,22,TOR,80,80,2096,373,652,0.5720000000000001,0,1,0.0,373,651,0.573,0.5720000000000001,217,276,0.7859999999999999,215,478,693,39,33,95,109,222,963
Anderson Varejão,C,32,CLE,26,26,636,111,200,0.555,0,2,0.0,111,198,0.561,0.555,33,45,0.733,57,113,170,35,19,16,35,58,255
Greivis Vásquez,PG,28,TOR,82,29,1991,296,725,0.408,133,351,0.379,163,374,0.436,0.5,50,66,0.758,22,194,216,302,46,10,119,177,775
Charlie Villanueva,PF,30,DAL,64,1,678,150,362,0.414,83,221,0.376,67,141,0.475,0.529,20,35,0.5710000000000001,30,119,149,19,15,22,28,64,403
Noah Vonleh,PF,19,CHO,25,0,259,30,76,0.395,5,13,0.385,25,63,0.397,0.428,18,26,0.6920000000000001,28,58,86,4,4,9,11,20,83
Nikola Vučević,C,24,ORL,74,74,2529,631,1206,0.523,2,6,0.33299999999999996,629,1200,0.524,0.524,164,218,0.752,238,572,810,147,54,54,148,220,1428
Dwyane Wade,SG,33,MIA,62,62,1971,509,1084,0.47,29,102,0.284,480,982,0.489,0.483,284,370,0.768,58,161,219,299,73,21,209,105,1331
Dion Waiters,SG,23,TOT,80,23,2208,375,946,0.396,73,246,0.297,302,700,0.431,0.435,117,172,0.68,41,151,192,163,90,21,113,155,940
Henry Walker,SF,27,MIA,24,13,628,58,168,0.345,45,132,0.341,13,36,0.361,0.479,14,18,0.778,7,75,82,29,24,9,24,76,175
Kemba Walker,PG,24,CHO,62,58,2119,378,981,0.385,85,280,0.304,293,701,0.418,0.429,234,283,0.8270000000000001,35,185,220,318,89,31,100,92,1075
John Wall,PG,24,WAS,79,79,2837,519,1166,0.445,65,217,0.3,454,949,0.478,0.473,284,362,0.785,36,330,366,792,138,45,304,180,1387
Gerald Wallace,SF,32,BOS,32,0,286,14,34,0.41200000000000003,1,3,0.33299999999999996,13,31,0.419,0.426,6,15,0.4,17,40,57,11,15,4,18,19,35
T.J. Warren,SF,21,PHO,40,1,614,113,214,0.528,5,21,0.23800000000000002,108,193,0.56,0.54,14,19,0.737,41,44,85,25,18,9,27,51,245
C.J. Watson,PG,30,IND,57,21,1422,181,417,0.434,70,175,0.4,111,242,0.45899999999999996,0.518,138,167,0.826,18,145,163,208,57,9,100,107,570
David Wear,PF,24,SAC,2,0,7,0,2,0.0,0,1,0.0,0,1,0.0,0.0,0,0,0.0,2,0,2,1,0,0,0,1,0
Travis Wear,SF,24,NYK,51,1,672,84,209,0.402,11,30,0.36700000000000005,73,179,0.408,0.428,20,26,0.769,31,75,106,40,15,11,35,55,199
Martell Webster,SF,28,WAS,32,0,352,24,91,0.264,10,43,0.233,14,48,0.292,0.319,48,64,0.75,10,36,46,17,7,1,22,24,106
David West,PF,34,IND,66,66,1895,323,686,0.47100000000000003,4,20,0.2,319,666,0.479,0.474,119,161,0.7390000000000001,108,341,449,223,48,48,120,160,769
Russell Westbrook,PG,26,OKC,67,67,2302,627,1471,0.426,86,288,0.299,541,1183,0.457,0.455,546,654,0.835,124,364,488,574,140,14,293,184,1886
Hassan Whiteside,C,25,MIA,48,32,1142,243,387,0.628,0,0,0.0,243,387,0.628,0.628,78,156,0.5,145,337,482,6,27,123,58,129,564
Shayne Whittington,PF,23,IND,20,0,108,19,42,0.452,1,6,0.16699999999999998,18,36,0.5,0.46399999999999997,18,23,0.7829999999999999,10,19,29,6,5,2,5,18,57
Andrew Wiggins,SF,19,MIN,82,82,2969,497,1137,0.43700000000000006,39,126,0.31,458,1011,0.45299999999999996,0.45399999999999996,354,466,0.76,134,240,374,170,86,50,177,190,1387
C.J. Wilcox,SG,24,LAC,21,0,101,16,38,0.42100000000000004,7,19,0.368,9,19,0.474,0.513,2,2,1.0,1,6,7,8,3,1,10,7,41
Deron Williams,PG,30,BRK,68,55,2114,298,771,0.387,87,237,0.36700000000000005,211,534,0.395,0.44299999999999995,201,241,0.8340000000000001,29,208,237,448,64,17,154,157,884
Derrick Williams,PF,23,SAC,74,6,1462,217,485,0.447,49,156,0.314,168,329,0.511,0.498,134,196,0.684,41,161,202,50,34,4,56,67,617
Elliot Williams,SG,25,TOT,13,0,119,14,37,0.37799999999999995,8,18,0.444,6,19,0.316,0.486,1,4,0.25,0,8,8,12,4,0,4,12,37
Lou Williams,SG,28,TOR,80,0,2016,375,928,0.40399999999999997,152,447,0.34,223,481,0.46399999999999997,0.486,340,395,0.861,24,127,151,164,88,10,101,103,1242
Marvin Williams,PF,28,CHO,78,37,2035,210,495,0.424,95,265,0.358,115,230,0.5,0.52,62,87,0.713,58,328,386,100,69,36,60,146,577
Mo Williams,PG,32,TOT,68,33,1980,341,860,0.397,119,348,0.342,222,512,0.434,0.466,163,187,0.872,22,152,174,424,46,14,172,162,964
Reggie Williams,SF,28,SAS,20,0,105,15,39,0.385,3,19,0.158,12,20,0.6,0.423,4,4,1.0,5,12,17,10,1,0,2,12,37
Shawne Williams,SF,28,TOT,63,22,1087,121,300,0.40299999999999997,64,178,0.36,57,122,0.467,0.51,35,40,0.875,36,130,166,44,25,21,30,135,341
Jeff Withey,C,24,NOP,37,0,259,32,64,0.5,0,0,0.0,32,64,0.5,0.5,34,50,0.68,23,41,64,11,4,18,12,26,98
Nate Wolters,PG,23,TOT,21,0,247,20,57,0.35100000000000003,0,7,0.0,20,50,0.4,0.35100000000000003,2,6,0.33299999999999996,8,26,34,21,8,2,13,18,42
Brandan Wright,PF,27,TOT,75,7,1449,233,363,0.642,0,3,0.0,233,360,0.647,0.642,78,112,0.696,128,193,321,41,50,94,34,102,544
Dorell Wright,SF,29,POR,48,2,592,72,190,0.379,41,108,0.38,31,82,0.37799999999999995,0.48700000000000004,34,42,0.81,14,97,111,41,20,11,18,55,219
Tony Wroten,PG,21,PHI,30,15,895,175,434,0.40299999999999997,37,142,0.261,138,292,0.473,0.446,120,180,0.667,22,64,86,157,48,8,113,72,507
James Young,SG,19,BOS,31,0,332,36,102,0.353,17,66,0.258,19,36,0.528,0.436,16,29,0.552,9,33,42,13,8,2,5,22,105
Nick Young,SG,29,LAL,42,0,1000,174,476,0.366,83,225,0.369,91,251,0.363,0.45299999999999996,132,148,0.892,17,79,96,41,23,11,44,83,563
Thaddeus Young,PF,26,TOT,76,68,2434,451,968,0.466,38,115,0.33,413,853,0.484,0.486,131,200,0.655,127,284,411,173,124,25,117,171,1071
Cody Zeller,C,22,CHO,62,45,1487,172,373,0.461,1,1,1.0,171,372,0.46,0.462,127,164,0.774,97,265,362,100,34,49,62,156,472
Tyler Zeller,C,25,BOS,82,59,1731,340,619,0.5489999999999999,0,0,0.0,340,619,0.5489999999999999,0.5489999999999999,153,186,0.823,146,319,465,113,18,52,76,205,833
