Player,Pos,Age,Tm,G,GS,MP,FG,FGA,FG%,3P,3PA,3P%,2P,2PA,2P%,eFG%,FT,FTA,FT%,ORB,DRB,TRB,AST,STL,BLK,TOV,PF,PTS
Álex Abrines,SG,25,OKC,31,2,588,56,157,0.35700000000000004,41,127,0.32299999999999995,15,30,0.5,0.48700000000000004,12,13,0.9229999999999999,5,43,48,20,17,6,14,53,165
Quincy Acy,PF,28,PHO,10,0,123,4,18,0.222,2,15,0.133,2,3,0.667,0.278,7,10,0.7,3,22,25,8,1,4,4,24,17
Jaylen Adams,PG,22,ATL,34,1,428,38,110,0.345,25,74,0.33799999999999997,13,36,0.361,0.45899999999999996,7,9,0.778,11,49,60,65,14,5,28,45,108
Steven Adams,C,25,OKC,80,80,2669,481,809,0.595,0,2,0.0,481,807,0.596,0.595,146,292,0.5,391,369,760,124,117,76,135,204,1108
Bam Adebayo,C,21,MIA,82,28,1913,280,486,0.5760000000000001,3,15,0.2,277,471,0.588,0.579,166,226,0.735,165,432,597,184,71,65,121,203,729
Deng Adel,SF,21,CLE,19,3,194,11,36,0.306,6,23,0.261,5,13,0.385,0.389,4,4,1.0,3,16,19,5,1,4,6,13,32
DeVaughn Akoon-Purcell,SG,25,DEN,7,0,22,3,10,0.3,0,4,0.0,3,6,0.5,0.3,1,2,0.5,1,3,4,6,2,0,2,4,7
LaMarcus Aldridge,C,33,SAS,81,81,2687,684,1319,0.519,10,42,0.23800000000000002,674,1277,0.528,0.522,349,412,0.847,251,493,744,194,43,107,144,179,1727
Rawle Alkins,SG,21,CHI,10,1,120,13,39,0.33299999999999996,3,12,0.25,10,27,0.37,0.37200000000000005,8,12,0.667,11,15,26,13,1,0,8,7,37
Grayson Allen,SG,23,UTA,38,2,416,67,178,0.376,32,99,0.32299999999999995,35,79,0.44299999999999995,0.466,45,60,0.75,3,20,23,25,6,6,33,47,211
Jarrett Allen,C,20,BRK,80,80,2096,335,568,0.59,6,45,0.133,329,523,0.629,0.595,197,278,0.7090000000000001,191,481,672,110,43,120,103,184,873
Kadeem Allen,SG,26,NYK,19,1,416,65,141,0.461,17,36,0.47200000000000003,48,105,0.457,0.521,42,54,0.778,8,43,51,76,16,4,26,46,189
Al-Farouq Aminu,PF,28,POR,81,81,2292,257,593,0.433,96,280,0.34299999999999997,161,313,0.514,0.514,150,173,0.867,112,498,610,104,68,33,72,143,760
Justin Anderson,SF,25,ATL,48,4,463,64,157,0.408,24,77,0.312,40,80,0.5,0.484,26,35,0.743,24,60,84,23,22,13,23,48,178
Kyle Anderson,SF,25,MEM,43,40,1281,150,276,0.5429999999999999,9,34,0.265,141,242,0.583,0.56,37,64,0.578,48,203,251,128,54,37,58,112,346
Ryan Anderson,PF,30,TOT,25,8,322,21,69,0.304,9,40,0.225,12,29,0.414,0.37,12,16,0.75,18,36,54,19,4,1,14,25,63
Ike Anigbogu,C,20,IND,3,0,6,0,3,0.0,0,0,0.0,0,3,0.0,0.0,0,0,0.0,1,2,3,1,0,1,1,0,0
Giannis Antetokounmpo,PF,24,MIL,72,72,2358,721,1247,0.578,52,203,0.256,669,1044,0.6409999999999999,0.599,500,686,0.7290000000000001,159,739,898,424,92,110,268,232,1994
Kostas Antetokounmpo,PF,21,DAL,2,0,11,0,3,0.0,0,0,0.0,0,3,0.0,0.0,2,4,0.5,0,1,1,0,2,0,1,0,2
Carmelo Anthony,PF,34,HOU,10,2,294,49,121,0.405,21,64,0.32799999999999996,28,57,0.491,0.49200000000000005,15,22,0.682,9,45,54,5,4,7,8,32,134
OG Anunoby,SF,21,TOR,67,6,1352,183,404,0.45299999999999996,67,202,0.332,116,202,0.574,0.536,36,62,0.581,58,139,197,47,46,22,55,140,469
Ryan Arcidiacono,PG,24,CHI,81,32,1961,187,418,0.447,81,217,0.373,106,201,0.527,0.544,89,102,0.873,27,192,219,269,65,4,63,171,544
Trevor Ariza,SF,33,TOT,69,69,2349,294,736,0.39899999999999997,145,434,0.33399999999999996,149,302,0.493,0.498,130,164,0.7929999999999999,50,321,371,252,91,21,106,130,863
D.J. Augustin,PG,31,ORL,81,81,2269,318,677,0.47,131,311,0.42100000000000004,187,366,0.511,0.5660000000000001,181,209,0.866,41,162,203,426,52,4,128,115,948
Deandre Ayton,C,20,PHO,71,70,2183,509,870,0.585,0,4,0.0,509,866,0.588,0.585,141,189,0.746,223,506,729,125,61,67,126,209,1159
Dwayne Bacon,SG,23,CHO,43,13,759,122,257,0.475,38,87,0.43700000000000006,84,170,0.494,0.5489999999999999,34,46,0.7390000000000001,8,81,89,47,12,5,18,72,316
Marvin Bagley,PF,19,SAC,62,4,1567,356,706,0.504,30,96,0.313,326,610,0.534,0.525,181,262,0.691,162,309,471,62,33,59,98,120,923
Ron Baker,SG,25,TOT,15,0,152,4,20,0.2,1,13,0.077,3,7,0.429,0.225,5,6,0.833,1,10,11,15,6,1,5,18,14
Wade Baldwin,PG,22,POR,16,0,94,10,33,0.303,2,9,0.222,8,24,0.33299999999999996,0.33299999999999996,8,11,0.727,2,13,15,12,1,2,14,11,30
Lonzo Ball,PG,21,LAL,47,45,1423,185,456,0.406,75,228,0.32899999999999996,110,228,0.48200000000000004,0.488,20,48,0.41700000000000004,54,197,251,255,69,19,103,114,465
Mo Bamba,C,20,ORL,47,1,766,117,243,0.48100000000000004,21,70,0.3,96,173,0.555,0.525,37,63,0.5870000000000001,64,169,233,39,13,64,43,102,292
J.J. Barea,PG,34,DAL,38,0,752,161,385,0.418,38,128,0.297,123,257,0.479,0.46799999999999997,55,78,0.705,13,82,95,211,22,1,72,50,415
Harrison Barnes,PF-SF,26,TOT,77,77,2533,431,1027,0.42,174,441,0.395,257,586,0.439,0.504,229,278,0.8240000000000001,57,304,361,115,50,13,98,122,1265
Will Barton,SG,28,DEN,43,38,1189,185,460,0.402,67,196,0.342,118,264,0.447,0.475,57,74,0.77,32,167,199,124,18,22,65,82,494
Keita Bates-Diop,SF,23,MIN,30,3,503,60,142,0.423,13,52,0.25,47,90,0.522,0.46799999999999997,18,28,0.643,16,67,83,17,18,14,14,29,151
Nicolas Batum,SF,30,CHO,75,72,2354,253,562,0.45,116,298,0.389,137,264,0.519,0.5529999999999999,77,89,0.865,71,319,390,247,71,43,117,140,699
Jerryd Bayless,PG,30,MIN,34,6,657,82,230,0.35700000000000004,29,98,0.29600000000000004,53,132,0.402,0.42,16,28,0.5710000000000001,11,51,62,119,18,2,32,56,209
Aron Baynes,C,32,BOS,51,18,821,105,223,0.47100000000000003,21,61,0.344,84,162,0.519,0.518,53,62,0.855,88,152,240,57,12,34,40,125,284
Kent Bazemore,SG,29,ATL,67,35,1643,278,691,0.402,96,300,0.32,182,391,0.465,0.47200000000000003,127,175,0.726,37,224,261,152,89,42,121,170,779
Bradley Beal,SG,25,WAS,82,82,3028,764,1609,0.475,209,596,0.35100000000000003,555,1013,0.5479999999999999,0.54,362,448,0.8079999999999999,89,322,411,448,121,58,224,226,2099
Malik Beasley,SG,22,DEN,81,18,1879,349,737,0.474,163,405,0.402,186,332,0.56,0.584,56,66,0.848,35,165,200,97,55,10,55,116,917
Michael Beasley,PF,30,LAL,26,2,277,75,153,0.49,3,17,0.17600000000000002,72,136,0.529,0.5,28,39,0.718,13,47,60,25,9,10,27,42,181
Marco Belinelli,SG,32,SAS,79,1,1815,285,690,0.413,147,395,0.37200000000000005,138,295,0.46799999999999997,0.52,112,124,0.903,16,182,198,132,35,8,72,121,829
Jordan Bell,C,24,GSW,68,3,788,99,192,0.516,0,2,0.0,99,190,0.521,0.516,25,41,0.61,55,129,184,76,20,51,42,80,223
DeAndre' Bembry,SG,24,ATL,82,15,1931,275,616,0.446,50,173,0.289,225,443,0.508,0.48700000000000004,87,136,0.64,54,304,358,202,105,41,142,190,687
Dragan Bender,PF,21,PHO,46,27,826,88,197,0.447,22,101,0.218,66,96,0.688,0.503,32,54,0.593,34,149,183,56,18,22,37,90,230
Dairis Bertāns,SG,29,NOP,12,0,167,12,47,0.255,10,34,0.294,2,13,0.154,0.36200000000000004,0,0,0.0,2,7,9,10,1,0,2,7,34
Dāvis Bertāns,PF,26,SAS,76,12,1632,204,453,0.45,145,338,0.429,59,115,0.513,0.61,53,60,0.883,23,241,264,100,35,33,43,133,606
Patrick Beverley,PG,30,LAC,78,49,2137,194,477,0.40700000000000003,112,282,0.397,82,195,0.42100000000000004,0.524,96,123,0.78,76,312,388,300,67,43,85,265,596
Khem Birch,C,26,ORL,50,1,643,91,151,0.603,0,1,0.0,91,150,0.607,0.603,58,83,0.6990000000000001,79,111,190,38,18,29,20,72,240
Bismack Biyombo,C,26,CHO,54,32,783,89,156,0.5710000000000001,0,0,0.0,89,156,0.5710000000000001,0.5710000000000001,58,91,0.637,81,166,247,33,11,41,34,103,236
Nemanja Bjelica,PF,30,SAC,77,70,1788,284,593,0.479,103,257,0.401,181,336,0.539,0.5660000000000001,70,92,0.7609999999999999,125,319,444,147,54,56,82,197,741
Antonio Blakeney,SG,22,CHI,57,3,829,166,396,0.419,36,91,0.396,130,305,0.426,0.465,50,76,0.6579999999999999,7,99,106,42,12,9,35,41,418
Eric Bledsoe,PG,29,MIL,78,78,2272,470,971,0.484,124,377,0.32899999999999996,346,594,0.5820000000000001,0.5479999999999999,177,236,0.75,82,280,362,430,116,29,165,156,1241
Jaron Blossomgame,SF,25,CLE,27,4,439,47,106,0.44299999999999995,10,39,0.256,37,67,0.552,0.491,10,13,0.769,26,72,98,13,7,8,11,20,114
Bogdan Bogdanović,SG,26,SAC,70,17,1947,361,863,0.418,134,372,0.36,227,491,0.462,0.496,134,162,0.8270000000000001,40,203,243,267,72,15,117,142,990
Bojan Bogdanović,SF,29,IND,81,81,2573,522,1051,0.49700000000000005,164,386,0.425,358,665,0.5379999999999999,0.575,246,305,0.807,33,300,333,161,69,1,134,138,1454
Andrew Bogut,C,34,GSW,11,5,134,18,36,0.5,0,0,0.0,18,36,0.5,0.5,3,3,1.0,12,43,55,11,3,8,8,22,39
Jonah Bolden,PF,23,PHI,44,10,639,80,162,0.494,34,96,0.354,46,66,0.6970000000000001,0.599,13,27,0.48100000000000004,47,118,165,40,17,39,36,99,207
Isaac Bonga,PG,19,LAL,22,0,120,5,33,0.152,0,8,0.0,5,25,0.2,0.152,9,15,0.6,9,16,25,15,9,4,6,9,19
Devin Booker,SG,22,PHO,64,64,2242,586,1255,0.467,135,414,0.326,451,841,0.536,0.521,393,454,0.866,39,226,265,433,56,13,264,200,1700
Chris Boucher,PF,26,TOR,28,0,163,34,76,0.447,12,37,0.324,22,39,0.564,0.526,13,15,0.867,16,40,56,2,6,24,7,31,93
Avery Bradley,SG,28,TOT,63,63,1905,248,608,0.408,86,245,0.35100000000000003,162,363,0.446,0.479,43,50,0.86,43,132,175,152,41,16,89,167,625
Tony Bradley,C,21,UTA,3,0,36,8,16,0.5,0,0,0.0,8,16,0.5,0.5,1,2,0.5,9,6,15,1,2,2,3,6,17
Corey Brewer,SF,32,TOT,31,3,492,53,123,0.431,14,44,0.318,39,79,0.494,0.488,31,43,0.721,26,50,76,39,32,7,19,63,151
Mikal Bridges,SF,22,PHO,82,56,2417,242,563,0.43,105,313,0.335,137,250,0.5479999999999999,0.523,95,118,0.805,56,208,264,173,129,38,70,201,684
Miles Bridges,SF,20,CHO,80,25,1696,237,511,0.46399999999999997,65,200,0.325,172,311,0.5529999999999999,0.527,58,77,0.753,67,256,323,95,55,49,50,111,597
Isaiah Briscoe,PG,22,ORL,39,0,559,55,138,0.39899999999999997,11,34,0.324,44,104,0.423,0.43799999999999994,15,26,0.5770000000000001,5,69,74,87,11,2,31,66,136
Ryan Broekhoff,SG,28,DAL,42,0,453,57,126,0.452,38,93,0.409,19,33,0.5760000000000001,0.603,15,19,0.789,8,55,63,22,6,4,16,35,167
Malcolm Brogdon,SG,26,MIL,64,64,1832,378,748,0.505,104,244,0.426,274,504,0.544,0.575,141,152,0.9279999999999999,65,223,288,205,46,13,91,102,1001
Dillon Brooks,SF,23,MEM,18,0,330,49,122,0.402,15,40,0.375,34,82,0.415,0.46299999999999997,22,30,0.733,9,22,31,16,10,4,19,50,135
MarShon Brooks,SG,30,MEM,29,0,387,76,169,0.45,15,54,0.278,61,115,0.53,0.494,23,33,0.6970000000000001,12,33,45,25,9,4,21,33,190
Bruce Brown,SG,22,DET,74,56,1449,125,314,0.39799999999999996,24,93,0.258,101,221,0.457,0.436,45,60,0.75,48,137,185,91,40,36,46,178,319
Jaylen Brown,SG,22,BOS,74,25,1913,368,792,0.465,95,276,0.344,273,516,0.529,0.525,133,202,0.6579999999999999,65,248,313,100,69,32,99,186,964
Lorenzo Brown,PG,28,TOR,26,0,212,23,71,0.324,6,28,0.214,17,43,0.395,0.366,3,3,1.0,5,26,31,28,12,5,16,22,55
Sterling Brown,SG,23,MIL,58,7,1034,145,312,0.465,53,147,0.361,92,165,0.5579999999999999,0.55,29,42,0.69,29,155,184,84,25,8,46,88,372
Troy Brown,SF,19,WAS,52,10,730,97,234,0.415,22,69,0.319,75,165,0.455,0.462,32,47,0.6809999999999999,35,110,145,80,21,5,30,56,248
Jalen Brunson,PG,22,DAL,73,38,1591,264,565,0.467,63,181,0.348,201,384,0.523,0.523,87,120,0.725,25,144,169,230,37,4,88,127,678
Thomas Bryant,C,21,WAS,72,53,1496,309,502,0.616,33,99,0.33299999999999996,276,403,0.685,0.648,107,137,0.7809999999999999,113,341,454,92,25,67,60,126,758
Reggie Bullock,SG,27,TOT,63,60,1879,245,594,0.41200000000000003,148,393,0.377,97,201,0.483,0.537,73,85,0.8590000000000001,22,151,173,129,40,12,65,109,711
Trey Burke,PG,26,TOT,58,8,1125,236,548,0.431,56,159,0.35200000000000004,180,389,0.46299999999999997,0.48200000000000004,103,124,0.831,28,71,99,159,33,7,49,58,631
Alec Burks,SG,27,TOT,64,24,1375,192,474,0.405,61,168,0.363,131,306,0.428,0.469,116,141,0.823,30,205,235,128,39,21,65,91,561
Deonte Burton,SG,25,OKC,32,0,240,33,82,0.402,8,27,0.29600000000000004,25,55,0.455,0.451,8,12,0.667,4,24,28,9,6,8,9,31,82
Jimmy Butler,SF-SG,29,TOT,65,65,2185,418,904,0.462,67,193,0.34700000000000003,351,711,0.494,0.499,312,365,0.855,121,221,342,263,123,39,95,111,1215
Bruno Caboclo,SF,23,MEM,34,19,800,96,225,0.42700000000000005,48,130,0.369,48,95,0.505,0.5329999999999999,42,50,0.84,42,116,158,50,14,33,38,81,282
José Calderón,PG,37,DET,49,0,632,45,120,0.375,14,57,0.24600000000000002,31,63,0.49200000000000005,0.433,9,11,0.818,11,49,60,115,16,3,35,64,113
Kentavious Caldwell-Pope,SG,25,LAL,82,23,2035,325,756,0.43,151,435,0.34700000000000003,174,321,0.542,0.53,137,158,0.867,48,190,238,110,73,13,65,137,938
Isaiah Canaan,PG,27,TOT,30,16,629,64,164,0.39,34,96,0.354,30,68,0.441,0.494,19,24,0.792,6,52,58,84,14,2,35,52,181
Clint Capela,C,24,HOU,67,67,2249,474,732,0.648,0,0,0.0,474,732,0.648,0.648,166,261,0.636,298,550,848,96,44,102,94,168,1114
DeMarre Carroll,PF,32,BRK,67,8,1703,227,575,0.395,106,310,0.342,121,265,0.457,0.48700000000000004,184,242,0.76,68,281,349,85,31,10,73,114,744
Jevon Carter,PG,23,MEM,39,3,577,56,185,0.303,34,102,0.33299999999999996,22,83,0.265,0.395,26,32,0.813,14,52,66,69,26,11,33,55,172
Vince Carter,PF,42,ATL,76,9,1330,196,468,0.419,123,316,0.389,73,152,0.48,0.55,47,66,0.7120000000000001,31,163,194,87,44,27,48,141,562
Wendell Carter,C,19,CHI,44,44,1110,180,371,0.485,6,32,0.188,174,339,0.513,0.493,89,112,0.795,87,220,307,78,26,58,65,152,455
Michael Carter-Williams,PG,27,TOT,28,1,372,46,123,0.374,10,38,0.263,36,85,0.424,0.415,32,53,0.604,19,51,70,70,20,15,20,48,134
Alex Caruso,PG,24,LAL,25,4,531,77,173,0.445,24,50,0.48,53,123,0.431,0.514,51,64,0.797,20,47,67,77,24,9,42,54,229
Omri Casspi,SF,30,MEM,36,0,520,86,161,0.534,15,43,0.349,71,118,0.602,0.581,39,58,0.672,17,98,115,26,20,9,23,35,226
Willie Cauley-Stein,C,25,SAC,81,81,2213,412,741,0.556,1,2,0.5,411,739,0.556,0.557,140,254,0.551,181,497,678,194,96,51,84,227,965
Troy Caupain,PG,23,ORL,4,0,16,4,8,0.5,2,3,0.667,2,5,0.4,0.625,0,0,0.0,1,2,3,4,1,0,0,0,10
Tyler Cavanaugh,PF,24,UTA,11,0,39,3,10,0.3,1,5,0.2,2,5,0.4,0.35,2,2,1.0,3,5,8,1,0,0,1,3,9
Tyson Chandler,C,36,TOT,55,6,875,61,99,0.616,0,1,0.0,61,98,0.622,0.616,51,87,0.586,92,215,307,37,21,23,42,110,173
Wilson Chandler,PF-SF,31,TOT,51,33,1177,114,273,0.418,59,158,0.373,55,115,0.478,0.526,18,25,0.72,48,167,215,82,25,21,46,123,305
Joe Chealey,PG,23,CHO,1,0,8,1,3,0.33299999999999996,0,0,0.0,1,3,0.33299999999999996,0.33299999999999996,0,0,0.0,0,0,0,1,0,0,0,1,2
Chris Chiozza,PG,23,HOU,7,0,33,2,8,0.25,2,5,0.4,0,3,0.0,0.375,0,0,0.0,1,3,4,4,1,1,1,2,6
Marquese Chriss,PF,21,TOT,43,2,499,67,180,0.37200000000000005,16,72,0.222,51,108,0.47200000000000003,0.41700000000000004,32,45,0.711,40,102,142,22,17,11,36,81,182
Gary Clark,PF,24,HOU,51,2,641,50,151,0.331,41,138,0.297,9,13,0.6920000000000001,0.467,7,7,1.0,24,92,116,18,20,26,7,47,148
Ian Clark,SG,27,NOP,60,6,973,151,383,0.39399999999999996,66,202,0.327,85,181,0.47,0.48,33,37,0.892,13,76,89,94,22,8,58,95,401
Jordan Clarkson,SG,26,CLE,81,0,2214,529,1180,0.44799999999999995,144,445,0.324,385,735,0.524,0.509,162,192,0.8440000000000001,82,188,270,196,57,13,135,112,1364
John Collins,PF,21,ATL,61,59,1829,465,831,0.56,55,158,0.348,410,673,0.609,0.593,203,266,0.763,219,376,595,121,22,39,120,199,1188
Zach Collins,C,21,POR,77,0,1356,189,400,0.473,40,121,0.331,149,279,0.534,0.523,94,126,0.746,109,215,324,71,25,66,77,174,512
Darren Collison,PG,31,IND,76,76,2143,308,659,0.467,79,194,0.40700000000000003,229,465,0.49200000000000005,0.527,158,190,0.8320000000000001,36,196,232,459,110,9,125,138,853
Bonzie Colson,SF,23,MIL,8,2,98,13,39,0.33299999999999996,5,21,0.23800000000000002,8,18,0.444,0.397,8,9,0.889,8,22,30,3,5,1,3,3,39
Mike Conley,PG,31,MEM,70,70,2342,490,1120,0.43799999999999994,155,426,0.364,335,694,0.483,0.507,343,406,0.845,40,199,239,449,94,22,130,123,1478
Pat Connaughton,SG,26,MIL,61,2,1261,163,350,0.466,66,200,0.33,97,150,0.647,0.56,29,40,0.725,61,197,258,122,33,25,33,81,421
Quinn Cook,PG,25,GSW,74,10,1059,204,439,0.465,81,200,0.405,123,239,0.515,0.557,20,26,0.769,22,135,157,116,20,3,50,92,509
DeMarcus Cousins,C,28,GSW,30,30,771,178,371,0.48,26,95,0.27399999999999997,152,276,0.551,0.515,106,144,0.736,43,204,247,107,40,44,72,109,488
Robert Covington,SF,28,TOT,35,35,1203,156,362,0.431,85,225,0.37799999999999995,71,137,0.518,0.5479999999999999,68,89,0.764,28,165,193,46,74,47,47,126,465
Allen Crabbe,SG,26,BRK,43,20,1133,137,373,0.36700000000000005,98,259,0.37799999999999995,39,114,0.342,0.499,41,56,0.732,16,132,148,46,23,13,46,102,413
Torrey Craig,SF,28,DEN,75,37,1503,160,362,0.442,61,188,0.324,99,174,0.569,0.526,49,70,0.7,89,174,263,72,37,46,44,175,430
Jamal Crawford,SG,38,PHO,64,0,1211,174,438,0.397,67,202,0.332,107,236,0.45299999999999996,0.474,93,110,0.845,8,77,85,229,33,12,99,75,508
Mitch Creek,SF,26,TOT,5,0,48,8,16,0.5,0,2,0.0,8,14,0.5710000000000001,0.5,5,7,0.7140000000000001,6,6,12,6,2,0,1,3,21
Jae Crowder,SF,28,UTA,80,11,2166,318,797,0.39899999999999997,173,522,0.331,145,275,0.527,0.508,142,197,0.721,60,324,384,133,64,31,85,170,951
Dante Cunningham,PF,31,SAS,64,21,928,75,158,0.475,30,65,0.462,45,93,0.484,0.57,14,18,0.778,48,140,188,50,27,13,22,71,194
Seth Curry,SG,28,POR,74,2,1399,212,465,0.456,113,251,0.45,99,214,0.46299999999999997,0.5770000000000001,44,52,0.846,27,93,120,66,36,12,61,97,581
Stephen Curry,PG,30,GSW,69,69,2331,632,1340,0.47200000000000003,354,810,0.43700000000000006,278,530,0.525,0.604,263,287,0.9159999999999999,45,324,369,361,92,25,192,166,1881
Troy Daniels,SG,27,PHO,51,1,760,113,275,0.41100000000000003,74,194,0.381,39,81,0.48100000000000004,0.545,18,23,0.7829999999999999,13,60,73,26,26,5,27,79,318
Anthony Davis,C,25,NOP,56,56,1850,530,1026,0.517,48,145,0.331,482,881,0.547,0.54,344,433,0.794,174,498,672,218,88,135,112,132,1452
Deyonta Davis,C,22,ATL,9,0,118,15,22,0.682,0,1,0.0,15,21,0.7140000000000001,0.682,6,10,0.6,10,26,36,5,3,5,3,12,36
Ed Davis,C,29,BRK,81,1,1446,186,302,0.616,0,2,0.0,186,300,0.62,0.616,100,162,0.617,216,478,694,61,35,33,64,226,472
Tyler Davis,C,21,OKC,1,0,1,0,1,0.0,0,0,0.0,0,1,0.0,0.0,0,0,0.0,1,0,1,0,0,0,0,0,0
Dewayne Dedmon,C,29,ATL,64,52,1609,259,526,0.49200000000000005,83,217,0.382,176,309,0.57,0.5710000000000001,92,113,0.8140000000000001,105,375,480,90,69,71,84,214,693
Sam Dekker,PF,24,TOT,47,5,788,120,256,0.469,19,62,0.306,101,194,0.521,0.506,28,46,0.609,53,95,148,46,38,7,24,47,287
Ángel Delgado,C,24,LAC,2,0,15,1,5,0.2,0,0,0.0,1,5,0.2,0.2,1,2,0.5,2,2,4,0,1,0,0,2,3
Matthew Dellavedova,PG,28,TOT,48,0,812,98,242,0.405,44,130,0.33799999999999997,54,112,0.48200000000000004,0.496,42,52,0.8079999999999999,6,71,77,181,14,2,68,75,282
Luol Deng,SF,33,MIN,22,2,392,59,118,0.5,14,44,0.318,45,74,0.608,0.5589999999999999,25,35,0.7140000000000001,20,53,73,18,15,8,14,24,157
DeMar DeRozan,SG,29,SAS,77,77,2688,631,1313,0.48100000000000004,7,45,0.156,624,1268,0.49200000000000005,0.483,366,441,0.83,54,408,462,475,86,36,199,177,1635
Marcus Derrickson,PF,22,GSW,11,0,67,16,33,0.485,10,20,0.5,6,13,0.462,0.636,4,5,0.8,8,5,13,1,0,1,3,9,46
Cheick Diallo,PF,22,NOP,64,1,896,168,271,0.62,1,4,0.25,167,267,0.625,0.622,50,67,0.746,75,257,332,33,29,33,49,113,387
Hamidou Diallo,SG,20,OKC,51,3,526,75,165,0.455,4,24,0.16699999999999998,71,141,0.504,0.467,36,59,0.61,38,59,97,17,21,10,23,77,190
Gorgui Dieng,C,29,MIN,76,2,1031,189,377,0.501,19,56,0.33899999999999997,170,321,0.53,0.527,88,106,0.83,81,230,311,72,48,41,57,134,485
Spencer Dinwiddie,PG,25,BRK,68,4,1914,366,828,0.442,124,370,0.335,242,458,0.528,0.517,287,356,0.8059999999999999,26,140,166,311,40,17,152,187,1143
Donte DiVincenzo,SG,22,MIL,27,0,411,50,124,0.40299999999999997,22,83,0.265,28,41,0.6829999999999999,0.49200000000000005,9,12,0.75,16,49,65,31,13,6,19,38,131
Luka Dončić,SG,19,DAL,72,72,2318,506,1186,0.42700000000000005,168,514,0.327,338,672,0.503,0.49700000000000005,346,485,0.713,86,477,563,429,77,25,247,137,1526
Tyler Dorsey,SG,22,TOT,48,11,698,107,264,0.405,44,132,0.33299999999999996,63,132,0.47700000000000004,0.489,38,61,0.623,27,86,113,56,14,2,27,53,296
Damyean Dotson,SG,24,NYK,73,40,2004,290,698,0.415,126,342,0.368,164,356,0.461,0.506,73,98,0.745,34,228,262,135,58,10,71,135,779
PJ Dozier,SG,22,BOS,6,0,51,8,21,0.381,2,8,0.25,6,13,0.462,0.429,1,2,0.5,6,11,17,5,2,0,0,2,19
Goran Dragić,PG,32,MIA,36,22,991,179,433,0.413,57,164,0.348,122,269,0.45399999999999996,0.479,79,101,0.782,20,91,111,174,30,5,71,81,494
Andre Drummond,C,25,DET,79,79,2647,561,1052,0.5329999999999999,5,38,0.132,556,1014,0.5479999999999999,0.536,243,412,0.59,423,809,1232,112,136,138,175,272,1370
Jared Dudley,PF,33,BRK,59,25,1220,101,239,0.423,53,151,0.35100000000000003,48,88,0.545,0.5329999999999999,32,46,0.696,34,121,155,83,36,16,43,131,287
Kris Dunn,PG,24,CHI,46,44,1389,215,506,0.425,34,96,0.354,181,410,0.441,0.45799999999999996,55,69,0.797,19,168,187,277,68,21,104,166,519
Kevin Durant,SF,30,GSW,78,78,2702,721,1383,0.521,137,388,0.353,584,995,0.5870000000000001,0.5710000000000001,448,506,0.885,33,464,497,457,58,84,225,155,2027
Trevon Duval,PG,20,MIL,3,0,6,2,3,0.667,1,1,1.0,1,2,0.5,0.833,0,0,0.0,0,1,1,2,0,0,0,0,5
Vince Edwards,SF,22,HOU,2,0,16,1,4,0.25,1,4,0.25,0,0,0.0,0.375,0,0,0.0,1,1,2,0,0,0,0,0,3
Henry Ellenson,PF,22,TOT,19,0,259,39,95,0.41100000000000003,17,38,0.447,22,57,0.386,0.5,19,25,0.76,5,61,66,16,7,2,9,27,114
Wayne Ellington,SG,31,TOT,53,38,1297,184,457,0.40299999999999997,138,372,0.371,46,85,0.541,0.5539999999999999,39,49,0.7959999999999999,14,93,107,72,54,6,40,92,545
Joel Embiid,C,24,PHI,64,64,2154,580,1199,0.484,79,263,0.3,501,936,0.535,0.517,522,649,0.804,160,711,871,234,46,122,226,211,1761
James Ennis,SF,28,TOT,58,27,1230,138,294,0.469,55,156,0.353,83,138,0.601,0.563,58,81,0.716,60,122,182,41,41,23,34,150,389
Drew Eubanks,PF,21,SAS,23,0,113,15,26,0.5770000000000001,0,0,0.0,15,26,0.5770000000000001,0.5770000000000001,11,13,0.846,6,28,34,7,2,5,8,11,41
Jacob Evans,SG,21,GSW,30,1,204,18,53,0.34,4,15,0.267,14,38,0.368,0.377,0,1,0.0,6,19,25,23,5,3,11,28,40
Jawun Evans,PG,22,TOT,8,0,65,3,14,0.214,0,3,0.0,3,11,0.273,0.214,0,0,0.0,1,11,12,10,3,0,6,8,6
Tyreke Evans,SG,29,IND,69,18,1402,257,660,0.389,77,216,0.35600000000000004,180,444,0.405,0.44799999999999995,115,160,0.7190000000000001,33,168,201,166,58,18,118,117,706
Dante Exum,PG,23,UTA,42,1,664,101,241,0.419,18,62,0.29,83,179,0.46399999999999997,0.456,68,86,0.7909999999999999,16,52,68,110,14,5,52,69,288
Kenneth Faried,C,29,TOT,37,13,728,156,265,0.589,8,25,0.32,148,240,0.617,0.604,64,99,0.6459999999999999,97,153,250,20,17,23,33,82,384
Derrick Favors,C,27,UTA,76,70,1766,363,619,0.586,17,78,0.218,346,541,0.64,0.6,154,228,0.675,207,353,560,89,56,106,84,163,897
Cristiano Felício,C,26,CHI,60,0,746,95,179,0.531,0,4,0.0,95,175,0.5429999999999999,0.531,50,73,0.685,79,139,218,37,11,7,33,69,240
Raymond Felton,PG,34,OKC,33,0,379,55,135,0.40700000000000003,20,61,0.32799999999999996,35,74,0.473,0.48100000000000004,12,13,0.9229999999999999,4,30,34,52,10,6,14,29,142
Terrance Ferguson,SG,20,OKC,74,74,1931,185,431,0.429,106,290,0.366,79,141,0.56,0.552,37,51,0.725,33,108,141,72,40,16,47,231,513
Yogi Ferrell,PG,25,SAC,71,3,1067,153,352,0.435,54,149,0.36200000000000004,99,203,0.488,0.511,60,67,0.8959999999999999,13,96,109,137,36,4,40,64,420
Dorian Finney-Smith,SF,25,DAL,81,26,1985,228,528,0.43200000000000005,79,254,0.311,149,274,0.544,0.507,73,103,0.7090000000000001,138,251,389,95,69,36,74,186,608
Bryn Forbes,SG,25,SAS,82,81,2293,361,791,0.456,176,413,0.426,185,378,0.489,0.568,69,78,0.885,18,221,239,175,45,4,80,159,967
Evan Fournier,SG,26,ORL,81,81,2553,468,1069,0.43799999999999994,153,450,0.34,315,619,0.509,0.509,137,170,0.8059999999999999,38,220,258,295,71,12,154,225,1226
De'Aaron Fox,PG,21,SAC,81,81,2546,505,1102,0.45799999999999996,86,232,0.371,419,870,0.48200000000000004,0.49700000000000005,303,417,0.727,43,261,304,590,133,45,227,204,1399
Melvin Frazier,SG,22,ORL,10,0,44,7,21,0.33299999999999996,0,6,0.0,7,15,0.467,0.33299999999999996,1,4,0.25,3,2,5,1,1,0,1,6,15
Tim Frazier,PG,28,TOT,59,19,1120,116,261,0.444,37,101,0.366,79,160,0.494,0.515,41,54,0.759,41,127,168,248,30,5,76,112,310
Jimmer Fredette,SG,29,PHO,6,0,65,8,29,0.276,0,13,0.0,8,16,0.5,0.276,6,6,1.0,1,6,7,8,3,0,5,5,22
Channing Frye,C,35,CLE,36,6,341,43,117,0.368,32,79,0.405,11,38,0.289,0.504,11,14,0.7859999999999999,4,48,52,20,6,5,13,44,129
Markelle Fultz,SG,20,PHI,19,15,427,65,155,0.419,4,14,0.28600000000000003,61,141,0.433,0.43200000000000005,21,37,0.568,26,44,70,59,17,5,25,52,155
Danilo Gallinari,SF,30,LAC,68,68,2059,409,884,0.46299999999999997,161,372,0.433,248,512,0.484,0.5539999999999999,367,406,0.904,54,363,417,178,49,23,99,129,1346
Langston Galloway,SG,27,DET,80,4,1745,228,587,0.38799999999999996,135,380,0.355,93,207,0.449,0.503,81,96,0.8440000000000001,49,122,171,85,37,8,24,135,672
Billy Garrett,SG,24,NYK,4,0,63,11,27,0.40700000000000003,0,8,0.0,11,19,0.579,0.40700000000000003,4,4,1.0,0,3,3,7,1,1,2,3,26
Marc Gasol,C,34,TOT,79,72,2436,390,870,0.44799999999999995,99,273,0.363,291,597,0.48700000000000004,0.505,192,253,0.759,80,547,627,349,84,86,155,217,1071
Pau Gasol,C,38,TOT,30,6,360,42,94,0.447,6,13,0.462,36,81,0.444,0.479,28,40,0.7,22,115,137,52,5,15,16,29,118
Rudy Gay,PF,32,SAS,69,51,1842,376,746,0.504,74,184,0.402,302,562,0.537,0.5539999999999999,120,147,0.816,63,407,470,182,54,34,114,159,946
Paul George,SF,28,OKC,77,77,2841,707,1614,0.43799999999999994,292,757,0.386,415,857,0.484,0.529,453,540,0.8390000000000001,105,523,628,318,170,34,205,214,2159
Taj Gibson,PF,33,MIN,70,57,1686,304,537,0.5660000000000001,11,34,0.324,293,503,0.583,0.5760000000000001,134,177,0.757,172,286,458,84,53,39,73,186,753
Harry Giles,PF,20,SAC,58,0,820,175,348,0.503,0,6,0.0,175,342,0.512,0.503,58,91,0.637,66,156,222,85,31,22,73,150,408
Shai Gilgeous-Alexander,PG,20,LAC,82,73,2174,341,716,0.47600000000000003,51,139,0.36700000000000005,290,577,0.503,0.512,156,195,0.8,57,175,232,270,96,45,141,175,889
Rudy Gobert,C,26,UTA,81,80,2577,476,712,0.669,0,0,0.0,476,712,0.669,0.669,332,522,0.636,309,732,1041,161,66,187,130,231,1284
Brandon Goodwin,PG,23,DEN,16,0,57,6,23,0.261,2,6,0.33299999999999996,4,17,0.235,0.304,9,11,0.818,1,2,3,14,0,0,3,7,23
Aaron Gordon,PF,23,ORL,78,78,2633,470,1046,0.449,121,347,0.349,349,699,0.499,0.507,185,253,0.731,129,445,574,289,57,56,162,172,1246
Eric Gordon,SG,30,HOU,68,53,2158,384,938,0.409,216,600,0.36,168,338,0.49700000000000005,0.525,119,152,0.7829999999999999,17,131,148,129,41,27,90,143,1103
Marcin Gortat,C,34,LAC,47,43,751,99,186,0.532,0,0,0.0,99,186,0.532,0.532,35,48,0.7290000000000001,67,194,261,65,6,24,50,92,233
Devonte' Graham,PG,23,CHO,46,3,676,74,216,0.34299999999999997,34,121,0.281,40,95,0.42100000000000004,0.42100000000000004,35,46,0.7609999999999999,10,53,63,121,23,2,30,48,217
Treveon Graham,SG,25,BRK,35,21,715,64,191,0.335,38,128,0.297,26,63,0.413,0.435,18,22,0.818,23,84,107,34,13,7,17,68,184
Jerami Grant,PF,24,OKC,80,77,2612,409,823,0.49700000000000005,115,293,0.392,294,530,0.555,0.5670000000000001,157,221,0.71,96,321,417,79,61,100,67,214,1090
Jerian Grant,PG,26,ORL,60,1,939,92,220,0.418,40,110,0.364,52,110,0.473,0.509,26,40,0.65,19,79,98,156,44,6,51,78,250
Donte Grantham,SF,23,OKC,3,0,2,0,2,0.0,0,2,0.0,0,0,0.0,0.0,0,0,0.0,0,0,0,0,0,0,0,0,0
Danny Green,SG,31,TOR,80,80,2216,293,630,0.465,198,435,0.455,95,195,0.48700000000000004,0.622,37,44,0.841,60,257,317,126,73,53,75,171,821
Draymond Green,PF,28,GSW,66,66,2065,188,422,0.445,47,165,0.285,141,257,0.5489999999999999,0.501,63,91,0.6920000000000001,60,421,481,454,95,70,169,197,486
Gerald Green,SG,33,HOU,73,0,1473,231,578,0.4,156,441,0.354,75,137,0.547,0.535,57,68,0.838,30,152,182,40,33,27,55,126,675
JaMychal Green,PF,28,TOT,65,6,1371,230,476,0.483,71,176,0.40299999999999997,159,300,0.53,0.5579999999999999,80,101,0.792,104,305,409,50,45,34,87,193,611
Jeff Green,PF,32,WAS,77,44,2097,326,687,0.475,111,320,0.34700000000000003,215,367,0.586,0.555,183,206,0.888,57,252,309,137,43,39,101,160,946
Blake Griffin,PF,29,DET,75,75,2622,619,1341,0.462,189,522,0.36200000000000004,430,819,0.525,0.532,414,550,0.753,100,465,565,402,52,28,253,199,1841
Daniel Hamilton,SG,23,ATL,19,3,204,23,60,0.38299999999999995,8,23,0.348,15,37,0.405,0.45,3,6,0.5,10,37,47,22,6,1,16,19,57
Dusty Hannahs,SG,25,MEM,2,0,26,3,12,0.25,0,5,0.0,3,7,0.429,0.25,2,2,1.0,0,1,1,5,1,0,1,1,8
Tim Hardaway,SG,26,TOT,65,63,2057,390,993,0.39299999999999996,162,477,0.34,228,516,0.442,0.474,232,276,0.841,33,189,222,159,54,8,105,141,1174
James Harden,PG,29,HOU,78,78,2867,843,1909,0.442,378,1028,0.368,465,881,0.528,0.541,754,858,0.879,66,452,518,586,158,58,387,244,2818
Maurice Harkless,SF,25,POR,60,53,1415,189,388,0.48700000000000004,33,120,0.275,156,268,0.5820000000000001,0.53,49,73,0.6709999999999999,77,192,269,74,67,53,45,163,460
Montrezl Harrell,C,25,LAC,82,5,2158,546,888,0.615,3,17,0.17600000000000002,543,871,0.623,0.617,266,414,0.643,184,351,535,162,71,110,132,255,1361
Devin Harris,PG,35,DAL,68,2,1071,132,347,0.38,62,200,0.31,70,147,0.47600000000000003,0.47,102,134,0.7609999999999999,12,100,112,122,35,16,56,133,428
Gary Harris,SG,24,DEN,57,48,1639,270,637,0.424,82,242,0.33899999999999997,188,395,0.47600000000000003,0.488,115,144,0.799,41,119,160,127,55,19,68,113,737
Joe Harris,SG,27,BRK,76,76,2293,374,748,0.5,183,386,0.474,191,362,0.528,0.622,110,133,0.8270000000000001,52,239,291,181,38,17,121,182,1041
Tobias Harris,PF,26,TOT,82,82,2847,611,1254,0.48700000000000004,156,393,0.397,455,861,0.528,0.5489999999999999,266,307,0.866,69,576,645,229,51,37,151,184,1644
Andrew Harrison,PG,24,TOT,17,0,187,16,53,0.302,5,25,0.2,11,28,0.39299999999999996,0.349,17,18,0.9440000000000001,6,14,20,24,4,2,12,34,54
Shaquille Harrison,PG,25,CHI,73,11,1430,184,426,0.43200000000000005,24,89,0.27,160,337,0.475,0.46,82,123,0.667,33,189,222,139,89,30,60,124,474
Josh Hart,SG,23,LAL,67,22,1715,189,464,0.40700000000000003,92,274,0.336,97,190,0.511,0.506,55,80,0.688,35,213,248,93,64,40,58,147,525
Isaiah Hartenstein,PF,20,HOU,28,0,221,20,41,0.488,2,6,0.33299999999999996,18,35,0.514,0.512,11,14,0.7859999999999999,21,26,47,15,7,12,13,56,53
Udonis Haslem,C,38,MIA,10,1,74,11,33,0.33299999999999996,0,12,0.0,11,21,0.524,0.33299999999999996,3,4,0.75,3,24,27,2,0,0,3,9,25
Gordon Hayward,PF,28,BOS,72,18,1863,296,635,0.466,77,231,0.33299999999999996,219,404,0.542,0.527,156,187,0.8340000000000001,51,271,322,244,62,23,105,104,825
John Henson,C,28,MIL,14,0,188,31,67,0.46299999999999997,11,31,0.355,20,36,0.556,0.545,6,10,0.6,16,55,71,14,7,11,12,16,79
Juan Hernangómez,PF,23,DEN,70,25,1358,138,314,0.439,66,181,0.365,72,133,0.541,0.545,66,86,0.767,64,201,265,55,27,24,37,94,408
Willy Hernangómez,C,24,CHO,58,3,812,153,295,0.519,15,39,0.385,138,256,0.539,0.544,100,144,0.6940000000000001,117,194,311,60,16,20,58,98,421
Mario Hezonja,SF,23,NYK,58,24,1206,191,464,0.41200000000000003,42,152,0.276,149,312,0.478,0.457,87,114,0.763,28,211,239,88,57,8,88,110,511
Isaiah Hicks,PF,24,NYK,3,0,32,4,8,0.5,0,0,0.0,4,8,0.5,0.5,4,5,0.8,2,5,7,2,1,3,1,5,12
Buddy Hield,SG,26,SAC,82,82,2615,623,1360,0.45799999999999996,278,651,0.42700000000000005,345,709,0.48700000000000004,0.56,171,193,0.8859999999999999,106,306,412,205,58,33,146,202,1695
Haywood Highsmith,SF,22,PHI,5,0,40,4,10,0.4,1,5,0.2,3,5,0.6,0.45,0,2,0.0,0,5,5,2,1,0,1,1,9
Nenê Hilário,C,36,HOU,42,2,546,60,116,0.517,0,3,0.0,60,113,0.531,0.517,31,47,0.66,34,89,123,26,18,15,11,87,151
George Hill,PG,32,TOT,60,13,1302,170,376,0.452,48,153,0.314,122,223,0.547,0.516,70,85,0.8240000000000001,39,109,148,135,52,8,51,102,458
Solomon Hill,SF,27,NOP,44,15,878,68,178,0.382,32,101,0.317,36,77,0.46799999999999997,0.47200000000000003,23,32,0.7190000000000001,34,99,133,55,23,10,31,80,191
Aaron Holiday,PG,22,IND,50,0,646,105,262,0.401,43,127,0.33899999999999997,62,135,0.45899999999999996,0.483,41,50,0.82,5,62,67,87,21,13,40,71,294
Jrue Holiday,SG,28,NOP,67,67,2402,547,1159,0.47200000000000003,118,363,0.325,429,796,0.539,0.523,208,271,0.768,75,259,334,518,109,54,210,148,1420
Justin Holiday,SG,29,TOT,82,77,2607,300,777,0.386,162,465,0.348,138,312,0.442,0.49,95,106,0.8959999999999999,46,277,323,146,121,36,104,164,857
John Holland,SF,30,CLE,1,0,1,0,0,0.0,0,0,0.0,0,0,0.0,0.0,0,0,0.0,0,0,0,0,0,0,0,0,0
Rondae Hollis-Jefferson,SF,24,BRK,59,21,1234,200,487,0.41100000000000003,9,49,0.184,191,438,0.436,0.42,118,183,0.645,83,227,310,96,44,27,68,107,527
Richaun Holmes,C,25,PHO,70,4,1184,222,365,0.608,0,0,0.0,222,365,0.608,0.608,128,175,0.731,115,216,331,60,42,79,52,194,572
Rodney Hood,SG,26,TOT,72,49,1893,292,671,0.435,84,236,0.35600000000000004,208,435,0.478,0.498,137,155,0.884,25,132,157,126,59,12,55,146,805
Al Horford,C,32,BOS,68,68,1973,387,723,0.535,73,203,0.36,314,520,0.604,0.586,78,95,0.821,120,338,458,283,59,86,102,126,925
Danuel House,SF,25,HOU,39,13,979,118,252,0.46799999999999997,74,178,0.41600000000000004,44,74,0.595,0.615,56,71,0.789,25,115,140,40,21,11,35,80,366
Dwight Howard,C,33,WAS,9,9,230,43,69,0.623,0,0,0.0,43,69,0.623,0.623,29,48,0.604,24,59,83,4,7,4,16,34,115
Kevin Huerter,SG,20,ATL,75,59,2048,275,657,0.419,136,353,0.385,139,304,0.457,0.522,41,56,0.732,60,185,245,214,65,25,109,155,727
Isaac Humphries,C,21,ATL,5,1,56,6,21,0.28600000000000003,3,11,0.273,3,10,0.3,0.35700000000000004,0,0,0.0,4,7,11,0,1,0,0,7,15
R.J. Hunter,SG,25,BOS,1,0,26,6,13,0.462,4,10,0.4,2,3,0.667,0.615,1,2,0.5,1,2,3,3,1,0,0,3,17
Chandler Hutchison,SF,22,CHI,44,14,895,96,209,0.45899999999999996,14,50,0.28,82,159,0.516,0.493,23,38,0.605,31,154,185,34,23,6,25,59,229
Serge Ibaka,C,29,TOR,74,51,2010,464,877,0.529,49,169,0.29,415,708,0.586,0.557,135,177,0.763,156,445,601,99,29,103,114,211,1112
Andre Iguodala,SF,35,GSW,68,13,1578,151,302,0.5,48,144,0.33299999999999996,103,158,0.652,0.579,39,67,0.5820000000000001,48,204,252,216,61,51,52,95,389
Ersan İlyasova,PF,31,MIL,67,7,1231,167,381,0.43799999999999994,58,160,0.363,109,221,0.493,0.514,61,74,0.8240000000000001,94,208,302,52,32,20,48,172,453
Joe Ingles,PF,31,UTA,82,82,2568,359,802,0.44799999999999995,189,483,0.391,170,319,0.5329999999999999,0.565,87,123,0.7070000000000001,35,295,330,469,98,20,193,180,994
Andre Ingram,SG,33,LAL,4,0,15,0,6,0.0,0,3,0.0,0,3,0.0,0.0,0,0,0.0,1,1,2,0,1,0,1,0,0
Brandon Ingram,SF,21,LAL,52,52,1760,362,729,0.49700000000000005,31,94,0.33,331,635,0.521,0.518,195,289,0.675,41,226,267,154,28,31,129,149,950
Kyrie Irving,PG,26,BOS,67,67,2214,604,1241,0.48700000000000004,174,434,0.401,430,807,0.5329999999999999,0.557,214,245,0.873,71,264,335,464,103,34,172,167,1596
Jonathan Isaac,PF,21,ORL,75,64,1996,262,611,0.429,86,266,0.32299999999999995,176,345,0.51,0.499,110,135,0.815,99,312,411,80,59,98,75,143,720
Wesley Iwundu,SF,24,ORL,68,13,1233,113,274,0.41200000000000003,29,79,0.36700000000000005,84,195,0.431,0.465,84,103,0.816,37,147,184,73,28,22,44,123,339
Demetrius Jackson,PG,24,PHI,6,0,39,8,15,0.5329999999999999,2,6,0.33299999999999996,6,9,0.667,0.6,4,4,1.0,2,1,3,5,2,0,1,4,22
Frank Jackson,PG,20,NOP,61,16,1169,194,447,0.434,53,169,0.314,141,278,0.507,0.493,54,73,0.74,25,109,134,69,25,2,48,92,495
Jaren Jackson,PF,19,MEM,58,56,1515,298,589,0.506,51,142,0.359,247,447,0.5529999999999999,0.5489999999999999,151,197,0.7659999999999999,73,199,272,64,52,82,98,220,798
Josh Jackson,SG,21,PHO,79,29,1988,347,841,0.413,73,225,0.324,274,616,0.445,0.456,143,213,0.6709999999999999,66,281,347,183,74,56,173,209,910
Justin Jackson,SF,23,TOT,81,14,1614,217,485,0.447,87,245,0.355,130,240,0.542,0.537,62,79,0.785,44,168,212,96,32,14,29,99,583
Reggie Jackson,PG,28,DET,82,82,2289,441,1047,0.42100000000000004,174,471,0.369,267,576,0.46399999999999997,0.504,204,236,0.8640000000000001,45,171,216,344,55,9,148,208,1260
LeBron James,SF,34,LAL,55,55,1937,558,1095,0.51,111,327,0.33899999999999997,447,768,0.5820000000000001,0.56,278,418,0.665,57,408,465,454,72,33,197,94,1505
Amile Jefferson,PF,25,ORL,12,0,68,10,16,0.625,0,0,0.0,10,16,0.625,0.625,7,8,0.875,6,15,21,3,3,3,1,8,27
John Jenkins,SG,27,TOT,26,0,333,42,105,0.4,22,58,0.379,20,47,0.426,0.505,15,18,0.833,6,31,37,22,0,2,9,10,121
Jonas Jerebko,PF,31,GSW,73,6,1218,163,355,0.45899999999999996,69,188,0.36700000000000005,94,167,0.563,0.556,64,80,0.8,72,216,288,96,27,18,43,137,459
Alize Johnson,PF,22,IND,14,0,64,4,16,0.25,1,2,0.5,3,14,0.214,0.281,4,8,0.5,4,15,19,1,1,3,0,7,13
Amir Johnson,C,31,PHI,51,6,529,79,157,0.503,12,40,0.3,67,117,0.573,0.541,31,41,0.7559999999999999,47,100,147,60,16,13,45,99,201
B.J. Johnson,SF,23,TOT,7,0,49,9,18,0.5,3,7,0.429,6,11,0.545,0.583,2,2,1.0,2,6,8,0,2,0,2,4,23
James Johnson,PF,31,MIA,55,33,1164,164,379,0.433,50,149,0.336,114,230,0.496,0.499,50,70,0.7140000000000001,22,154,176,135,35,27,74,114,428
Stanley Johnson,SF,22,TOT,66,7,1208,171,440,0.389,62,215,0.28800000000000003,109,225,0.484,0.45899999999999996,50,64,0.7809999999999999,34,183,217,88,60,14,81,114,454
Tyler Johnson,PG,26,TOT,57,22,1529,217,526,0.413,90,260,0.34600000000000003,127,266,0.47700000000000004,0.498,95,127,0.748,34,139,173,166,54,27,77,97,619
Wesley Johnson,SF,31,TOT,38,13,534,45,128,0.35200000000000004,25,76,0.32899999999999996,20,52,0.385,0.449,13,19,0.684,12,60,72,23,14,12,18,63,128
Nikola Jokić,C,23,DEN,80,80,2504,616,1206,0.511,83,270,0.307,533,936,0.569,0.545,289,352,0.821,228,637,865,580,108,55,248,228,1604
Damian Jones,C,23,GSW,24,22,410,53,74,0.716,0,0,0.0,53,74,0.716,0.716,24,37,0.649,31,44,75,28,12,25,16,63,130
Derrick Jones,SF,21,MIA,60,14,1153,160,324,0.494,28,91,0.308,132,233,0.5670000000000001,0.537,74,122,0.607,96,144,240,37,46,42,43,123,422
Jalen Jones,SF,25,CLE,16,0,214,26,62,0.419,10,28,0.35700000000000004,16,34,0.47100000000000003,0.5,19,27,0.7040000000000001,11,23,34,7,9,2,8,27,81
Jemerrio Jones,SF,23,LAL,6,2,143,12,33,0.364,2,10,0.2,10,23,0.435,0.39399999999999996,1,2,0.5,16,33,49,13,7,5,5,10,27
Terrence Jones,PF,27,HOU,2,0,5,1,4,0.25,0,2,0.0,1,2,0.5,0.25,0,1,0.0,0,4,4,0,0,0,1,1,2
Tyus Jones,PG,22,MIN,68,23,1560,185,446,0.415,40,126,0.317,145,320,0.45299999999999996,0.46,58,69,0.841,23,111,134,327,81,5,47,78,468
DeAndre Jordan,C,30,TOT,69,69,2047,286,446,0.6409999999999999,0,0,0.0,286,446,0.6409999999999999,0.6409999999999999,186,264,0.705,225,677,902,156,42,73,153,167,758
Cory Joseph,PG,27,IND,82,9,2063,226,548,0.41200000000000003,55,171,0.322,171,377,0.45399999999999996,0.46299999999999997,30,43,0.698,39,240,279,321,94,22,80,131,537
Frank Kaminsky,C,25,CHO,47,0,755,138,298,0.46299999999999997,50,139,0.36,88,159,0.5529999999999999,0.547,79,107,0.738,39,124,163,63,12,12,41,68,405
Enes Kanter,C,26,TOT,67,31,1640,375,683,0.5489999999999999,10,34,0.294,365,649,0.562,0.556,155,197,0.787,257,402,659,116,32,26,118,167,915
Luke Kennard,SG,22,DET,63,10,1437,228,520,0.43799999999999994,106,269,0.39399999999999996,122,251,0.486,0.54,51,61,0.836,12,171,183,114,26,10,57,92,613
Michael Kidd-Gilchrist,PF,25,CHO,64,3,1179,158,332,0.47600000000000003,16,47,0.34,142,285,0.498,0.5,95,123,0.772,88,158,246,61,32,39,43,156,427
George King,SF,25,PHO,1,0,6,0,0,0.0,0,0,0.0,0,0,0.0,0.0,0,0,0.0,0,1,1,0,0,0,0,0,0
Maxi Kleber,PF,27,DAL,71,18,1502,175,386,0.45299999999999996,77,218,0.353,98,168,0.583,0.5529999999999999,58,74,0.784,90,239,329,70,36,78,54,143,485
Brandon Knight,PG,27,TOT,39,26,736,99,260,0.381,41,129,0.318,58,131,0.44299999999999995,0.46,27,34,0.794,10,49,59,71,21,2,30,62,266
Kevin Knox,PF,19,NYK,75,57,2158,338,914,0.37,125,364,0.34299999999999997,213,550,0.387,0.43799999999999994,162,226,0.7170000000000001,61,274,335,82,43,24,114,175,963
Furkan Korkmaz,SG,21,PHI,48,7,679,98,245,0.4,47,144,0.326,51,101,0.505,0.496,36,44,0.818,16,91,107,52,29,2,25,62,279
Luke Kornet,PF,23,NYK,46,18,784,107,283,0.37799999999999995,70,193,0.363,37,90,0.41100000000000003,0.502,38,46,0.826,28,107,135,54,27,42,25,41,322
Kyle Korver,SG-PF,37,TOT,70,0,1334,201,483,0.41600000000000004,138,348,0.397,63,135,0.467,0.5589999999999999,60,73,0.8220000000000001,9,153,162,81,25,12,59,106,600
Kosta Koufos,C,29,SAC,42,1,502,73,153,0.47700000000000004,0,0,0.0,73,153,0.47700000000000004,0.47700000000000004,10,24,0.41700000000000004,52,125,177,36,15,18,27,68,156
Rodions Kurucs,SF,20,BRK,63,46,1294,202,449,0.45,58,184,0.315,144,265,0.5429999999999999,0.514,72,92,0.7829999999999999,56,190,246,52,41,25,77,146,534
Kyle Kuzma,PF,23,LAL,70,68,2314,496,1087,0.456,128,422,0.303,368,665,0.5529999999999999,0.515,188,250,0.752,60,322,382,178,41,26,133,170,1308
Skal Labissière,PF,22,TOT,22,1,176,26,49,0.531,6,13,0.462,20,36,0.556,0.5920000000000001,9,17,0.529,9,34,43,11,5,6,11,29,67
Jeremy Lamb,SG,26,CHO,79,55,2250,431,979,0.44,115,330,0.348,316,649,0.48700000000000004,0.499,231,260,0.888,65,369,434,172,88,32,80,140,1208
Zach LaVine,SG,23,CHI,63,62,2171,530,1135,0.467,120,321,0.374,410,814,0.504,0.52,312,375,0.8320000000000001,40,254,294,283,60,26,215,140,1492
Jake Layman,SF,24,POR,71,33,1327,216,424,0.509,59,181,0.326,157,243,0.6459999999999999,0.579,50,71,0.7040000000000001,56,161,217,53,31,30,46,116,541
T.J. Leaf,PF,21,IND,58,1,522,99,183,0.541,8,31,0.258,91,152,0.599,0.563,19,31,0.613,43,82,125,24,9,19,12,35,225
Courtney Lee,SG,33,TOT,34,6,428,53,129,0.41100000000000003,16,55,0.29100000000000004,37,74,0.5,0.473,14,21,0.667,9,45,54,37,21,3,14,32,136
Damion Lee,SG,26,GSW,32,0,375,56,127,0.441,27,68,0.397,29,59,0.49200000000000005,0.547,19,22,0.8640000000000001,8,56,64,13,13,0,11,28,158
Walt Lemon,PG,26,CHI,6,3,167,38,87,0.43700000000000006,2,5,0.4,36,82,0.439,0.44799999999999995,8,11,0.727,4,23,27,30,11,1,10,14,86
Alex Len,C,25,ATL,77,31,1544,320,648,0.494,74,204,0.363,246,444,0.5539999999999999,0.551,140,216,0.648,158,266,424,86,27,69,97,200,854
Kawhi Leonard,SF,27,TOR,60,60,2040,560,1129,0.496,112,302,0.371,448,827,0.542,0.546,364,426,0.8540000000000001,78,361,439,199,106,24,121,87,1596
Meyers Leonard,C,26,POR,61,2,878,132,242,0.545,50,111,0.45,82,131,0.626,0.649,43,51,0.843,49,184,233,75,13,9,43,105,357
Jon Leuer,PF,29,DET,41,1,402,66,113,0.584,1,11,0.091,65,102,0.637,0.588,23,31,0.742,27,70,97,14,12,4,23,60,156
Caris LeVert,SF,24,BRK,40,25,1063,207,483,0.429,48,154,0.312,159,329,0.483,0.478,85,123,0.691,35,116,151,156,42,14,69,77,547
Damian Lillard,PG,28,POR,80,80,2838,681,1533,0.444,237,643,0.369,444,890,0.499,0.522,468,513,0.912,68,303,371,551,88,34,212,148,2067
Jeremy Lin,PG,30,TOT,74,4,1436,238,541,0.44,55,187,0.294,183,354,0.517,0.491,176,210,0.838,22,157,179,231,47,13,124,144,707
Shaun Livingston,PG,33,GSW,64,0,967,109,210,0.519,0,2,0.0,109,208,0.524,0.519,40,51,0.784,42,75,117,114,31,27,38,74,258
Zach Lofton,SG,26,DET,1,0,4,0,1,0.0,0,1,0.0,0,0,0.0,0.0,0,0,0.0,0,0,0,0,1,0,1,0,0
Kevon Looney,C,22,GSW,80,24,1481,217,347,0.625,1,10,0.1,216,337,0.6409999999999999,0.627,65,105,0.619,194,223,417,123,46,53,51,211,500
Brook Lopez,C,30,MIL,81,81,2322,355,786,0.452,187,512,0.365,168,274,0.613,0.5710000000000001,112,133,0.8420000000000001,33,363,396,98,51,179,82,189,1009
Robin Lopez,C,30,CHI,74,36,1606,304,535,0.568,7,31,0.226,297,504,0.589,0.575,89,123,0.7240000000000001,140,146,286,89,11,78,96,124,704
Kevin Love,PF,30,CLE,22,21,598,109,283,0.385,53,147,0.361,56,136,0.41200000000000003,0.479,103,114,0.904,33,206,239,48,6,5,42,54,374
Kyle Lowry,PG,32,TOR,65,65,2213,304,739,0.41100000000000003,157,453,0.34700000000000003,147,286,0.514,0.518,161,194,0.83,41,271,312,564,91,31,182,166,926
Jordan Loyd,PG,25,TOR,12,0,55,8,18,0.444,4,8,0.5,4,10,0.4,0.556,9,11,0.818,1,8,9,6,0,0,2,5,29
Kalin Lucas,PG,29,DET,1,0,6,0,1,0.0,0,1,0.0,0,0,0.0,0.0,2,2,1.0,0,3,3,1,0,0,0,1,2
Timothé Luwawu-Cabarrot,SF,23,TOT,50,7,669,82,218,0.376,36,116,0.31,46,102,0.451,0.45899999999999996,31,41,0.7559999999999999,11,86,97,26,19,8,21,73,231
Tyler Lydon,PF,22,DEN,25,0,94,9,18,0.5,4,10,0.4,5,8,0.625,0.611,1,3,0.33299999999999996,7,11,18,6,2,0,4,10,23
Trey Lyles,PF,23,DEN,64,2,1120,207,495,0.418,51,200,0.255,156,295,0.529,0.47,81,116,0.698,44,202,246,87,30,23,68,93,546
Scott Machado,PG,28,LAL,4,0,19,4,6,0.667,1,1,1.0,3,5,0.6,0.75,1,1,1.0,0,0,0,3,1,0,0,2,10
Shelvin Mack,PG,28,TOT,57,3,1246,163,403,0.40399999999999997,46,130,0.354,117,273,0.429,0.462,58,84,0.69,18,86,104,183,47,4,66,84,430
Daryl Macon,SG,23,DAL,8,0,90,10,27,0.37,5,11,0.455,5,16,0.313,0.46299999999999997,4,7,0.5710000000000001,2,10,12,7,1,0,6,8,29
J.P. Macura,SG,23,CHO,2,0,17,3,9,0.33299999999999996,0,4,0.0,3,5,0.6,0.33299999999999996,0,0,0.0,0,3,3,2,0,0,0,0,6
Ian Mahinmi,C,32,WAS,34,6,498,47,104,0.452,3,16,0.188,44,88,0.5,0.466,42,61,0.6890000000000001,48,80,128,25,25,16,21,84,139
Thon Maker,C-PF,21,TOT,64,5,972,109,268,0.40700000000000003,49,153,0.32,60,115,0.522,0.498,56,84,0.667,41,161,202,45,21,51,33,105,323
Boban Marjanović,C,30,TOT,58,12,681,160,260,0.615,4,10,0.4,156,250,0.624,0.623,98,131,0.748,87,178,265,54,16,27,59,90,422
Lauri Markkanen,PF,21,CHI,52,51,1682,342,795,0.43,120,332,0.361,222,463,0.479,0.506,170,195,0.872,74,396,470,75,37,33,85,122,974
Jarell Martin,PF,24,ORL,42,1,328,43,104,0.413,20,57,0.35100000000000003,23,47,0.489,0.51,9,11,0.818,11,62,73,18,3,8,11,51,115
Frank Mason,PG,24,SAC,38,0,435,71,169,0.42,14,64,0.21899999999999997,57,105,0.5429999999999999,0.462,39,57,0.684,6,37,43,84,16,4,36,34,195
Yante Maten,PF,22,MIA,2,0,13,1,4,0.25,0,1,0.0,1,3,0.33299999999999996,0.25,0,0,0.0,1,2,3,0,1,0,0,0,2
Wesley Matthews,SF-SG,32,TOT,69,68,2091,279,698,0.4,150,403,0.37200000000000005,129,295,0.43700000000000006,0.507,132,163,0.81,32,138,170,160,54,17,91,160,840
Luc Mbah a Moute,PF,32,LAC,4,0,61,8,18,0.444,2,6,0.33299999999999996,6,12,0.5,0.5,2,5,0.4,2,5,7,2,1,1,2,8,20
Tahjere McCall,SG,24,BRK,1,0,8,2,3,0.667,0,1,0.0,2,2,1.0,0.667,0,1,0.0,0,1,1,0,0,0,0,2,4
Patrick McCaw,SG,23,TOT,29,1,397,26,63,0.413,9,28,0.321,17,35,0.486,0.484,13,15,0.867,7,41,48,29,23,2,17,38,74
CJ McCollum,SG,27,POR,70,70,2375,571,1243,0.45899999999999996,167,445,0.375,404,798,0.506,0.527,159,192,0.828,62,220,282,207,55,28,106,172,1468
T.J. McConnell,PG,26,PHI,76,3,1470,220,419,0.525,14,42,0.33299999999999996,206,377,0.546,0.542,29,37,0.784,28,146,174,258,79,17,91,105,483
Doug McDermott,SF,27,IND,77,1,1340,207,422,0.491,84,206,0.408,123,216,0.569,0.59,66,79,0.835,17,92,109,67,18,8,42,104,564
JaVale McGee,C,31,LAL,75,62,1671,400,641,0.624,1,12,0.083,399,629,0.634,0.625,96,152,0.632,195,371,566,52,47,148,108,208,897
Rodney McGruder,SG,27,MIA,66,45,1550,186,461,0.40299999999999997,79,225,0.35100000000000003,107,236,0.45299999999999996,0.489,52,72,0.722,60,178,238,112,36,12,64,115,503
Alfonzo McKinnie,SF,26,GSW,72,5,1003,134,275,0.48700000000000004,42,118,0.35600000000000004,92,157,0.586,0.564,27,48,0.563,81,166,247,31,18,15,30,134,337
Ben McLemore,SG,25,SAC,19,0,158,25,64,0.391,17,41,0.415,8,23,0.348,0.523,8,12,0.667,3,14,17,4,6,3,5,22,75
Jordan McRae,SG,27,WAS,27,0,333,61,130,0.469,10,35,0.28600000000000003,51,95,0.537,0.508,28,35,0.8,6,34,40,30,13,7,15,26,160
Jodie Meeks,SG,31,TOR,8,0,104,21,39,0.5379999999999999,8,18,0.444,13,21,0.619,0.6409999999999999,1,1,1.0,1,11,12,8,1,1,2,5,51
Salah Mejri,C,32,DAL,36,4,399,55,112,0.491,11,34,0.324,44,78,0.564,0.54,20,32,0.625,36,95,131,35,10,26,21,55,141
De'Anthony Melton,PG,20,PHO,50,31,984,100,256,0.391,29,95,0.305,71,161,0.441,0.447,21,28,0.75,25,109,134,159,68,23,75,113,250
Chimezie Metu,PF,21,SAS,29,0,145,19,58,0.32799999999999996,0,2,0.0,19,56,0.33899999999999997,0.32799999999999996,13,17,0.765,9,27,36,13,6,2,15,14,51
Khris Middleton,SF,27,MIL,77,77,2393,506,1148,0.441,179,474,0.37799999999999995,327,674,0.485,0.519,216,258,0.8370000000000001,50,411,461,331,80,7,174,172,1407
C.J. Miles,SF,31,TOT,53,1,856,112,311,0.36,67,203,0.33,45,108,0.41700000000000004,0.46799999999999997,48,58,0.828,13,82,95,36,26,15,30,79,339
Darius Miller,SF,28,NOP,69,15,1757,189,484,0.39,133,364,0.365,56,120,0.467,0.528,56,71,0.789,14,114,128,146,40,23,59,165,567
Malcolm Miller,SF,25,TOR,10,0,67,11,26,0.423,10,21,0.47600000000000003,1,5,0.2,0.615,3,4,0.75,1,4,5,1,1,1,1,5,35
Patty Mills,PG,30,SAS,82,1,1908,282,663,0.425,159,404,0.39399999999999996,123,259,0.475,0.545,88,103,0.8540000000000001,24,158,182,245,49,10,93,129,811
Paul Millsap,PF,33,DEN,70,65,1895,322,665,0.484,58,159,0.365,264,506,0.522,0.528,181,249,0.727,153,352,505,141,83,54,95,183,883
Shake Milton,SG,22,PHI,20,0,268,34,87,0.391,14,44,0.318,20,43,0.465,0.47100000000000003,5,7,0.7140000000000001,9,26,35,18,8,8,6,29,87
Nikola Mirotić,PF,27,TOT,46,25,1245,238,542,0.439,116,318,0.365,122,224,0.545,0.546,105,124,0.847,60,279,339,55,31,34,48,107,697
Donovan Mitchell,SG,22,UTA,77,77,2598,661,1530,0.43200000000000005,188,519,0.36200000000000004,473,1011,0.46799999999999997,0.493,319,396,0.8059999999999999,59,257,316,322,106,31,218,208,1829
Naz Mitrou-Long,SG,25,UTA,14,0,84,6,20,0.3,2,11,0.182,4,9,0.444,0.35,2,2,1.0,1,5,6,15,1,1,8,10,16
Malik Monk,SG,20,CHO,73,0,1258,227,586,0.387,109,330,0.33,118,256,0.461,0.48,90,102,0.882,16,121,137,117,37,19,86,106,653
Greg Monroe,C,28,TOT,43,2,480,92,189,0.48700000000000004,1,5,0.2,91,184,0.495,0.489,45,72,0.625,67,105,172,24,14,8,32,66,230
E'Twaun Moore,SG,29,NOP,53,36,1463,256,532,0.48100000000000004,76,176,0.43200000000000005,180,356,0.506,0.5529999999999999,45,59,0.763,35,92,127,102,40,8,59,112,633
Eric Moreland,PF,27,TOT,5,0,43,3,7,0.429,1,1,1.0,2,6,0.33299999999999996,0.5,0,0,0.0,4,16,20,4,1,1,5,9,7
Jaylen Morris,SG,23,MIL,4,0,29,4,10,0.4,1,3,0.33299999999999996,3,7,0.429,0.45,1,2,0.5,0,5,5,4,2,0,1,1,10
Marcus Morris,PF,29,BOS,75,53,2091,377,844,0.447,146,389,0.375,231,455,0.508,0.5329999999999999,146,173,0.8440000000000001,76,382,458,109,43,25,92,181,1046
Markieff Morris,PF,29,TOT,58,16,1270,204,484,0.42100000000000004,68,203,0.335,136,281,0.484,0.49200000000000005,71,92,0.772,61,204,265,79,36,22,54,175,547
Monte Morris,PG,23,DEN,82,6,1970,346,702,0.493,94,227,0.414,252,475,0.531,0.56,65,81,0.802,35,159,194,297,73,4,52,102,851
Donatas Motiejūnas,PF,28,SAS,3,0,13,3,6,0.5,0,0,0.0,3,6,0.5,0.5,0,2,0.0,2,1,3,1,0,1,3,6,6
Johnathan Motley,PF,23,LAC,22,0,156,39,73,0.534,0,3,0.0,39,70,0.557,0.534,24,40,0.6,18,33,51,11,5,3,16,27,102
Emmanuel Mudiay,PG,22,NYK,59,42,1607,330,740,0.446,69,210,0.32899999999999996,261,530,0.49200000000000005,0.493,144,186,0.774,33,163,196,228,43,19,140,103,873
Jamal Murray,PG,21,DEN,75,74,2447,513,1173,0.43700000000000006,152,414,0.36700000000000005,361,759,0.47600000000000003,0.502,189,223,0.848,65,252,317,363,67,27,158,153,1367
Džanan Musa,SG,19,BRK,9,0,39,9,22,0.409,1,10,0.1,8,12,0.667,0.43200000000000005,0,2,0.0,1,4,5,2,2,0,4,1,19
Mike Muscala,PF,27,TOT,64,10,1306,145,361,0.402,89,256,0.348,56,105,0.5329999999999999,0.525,70,85,0.8240000000000001,57,187,244,76,22,38,48,130,449
Sviatoslav Mykhailiuk,SF,21,TOT,42,0,440,46,140,0.32899999999999996,29,89,0.326,17,51,0.33299999999999996,0.43200000000000005,12,20,0.6,9,27,36,37,14,1,21,25,133
Abdel Nader,SF,25,OKC,61,1,694,91,215,0.423,32,100,0.32,59,115,0.513,0.498,27,36,0.75,14,102,116,20,20,12,26,68,241
Larry Nance,C,26,CLE,67,30,1795,249,479,0.52,33,98,0.337,216,381,0.5670000000000001,0.5539999999999999,96,134,0.716,168,384,552,214,100,40,97,192,627
Shabazz Napier,PG,27,BRK,56,2,983,169,435,0.389,76,228,0.33299999999999996,93,207,0.449,0.47600000000000003,115,138,0.833,18,82,100,143,41,16,66,67,529
Raul Neto,PG,26,UTA,37,1,474,74,161,0.46,20,60,0.33299999999999996,54,101,0.535,0.522,28,33,0.848,6,56,62,93,14,4,35,49,196
Georges Niang,PF,25,UTA,59,0,516,86,181,0.475,43,105,0.41,43,76,0.5660000000000001,0.594,20,24,0.833,11,76,87,35,10,6,23,57,235
Joakim Noah,C,33,MEM,42,1,693,110,213,0.516,0,1,0.0,110,212,0.519,0.516,78,109,0.716,58,180,238,89,20,31,50,96,298
Nerlens Noel,C,24,OKC,77,2,1055,162,276,0.5870000000000001,0,0,0.0,162,276,0.5870000000000001,0.5870000000000001,54,79,0.684,127,198,325,45,66,96,48,166,378
Dirk Nowitzki,PF,40,DAL,51,20,795,135,376,0.359,64,205,0.312,71,171,0.415,0.444,39,50,0.78,5,153,158,35,9,18,18,76,373
Frank Ntilikina,PG,20,NYK,43,16,904,95,282,0.337,33,115,0.287,62,167,0.371,0.395,23,30,0.767,12,75,87,121,30,14,56,104,246
James Nunnally,SF,28,TOT,15,0,102,12,34,0.353,8,25,0.32,4,9,0.444,0.47100000000000003,4,4,1.0,0,5,5,7,1,0,1,10,36
Jusuf Nurkić,C,24,POR,72,72,1974,420,826,0.508,3,29,0.10300000000000001,417,797,0.523,0.51,282,365,0.773,243,505,748,233,71,103,168,250,1125
David Nwaba,SG,26,CLE,51,14,984,126,262,0.48100000000000004,24,75,0.32,102,187,0.545,0.527,58,85,0.682,41,122,163,54,36,17,29,106,334
Royce O'Neale,SF,25,UTA,82,16,1671,163,343,0.475,68,176,0.386,95,167,0.569,0.574,32,42,0.762,22,263,285,124,54,24,70,172,426
Kyle O'Quinn,C,28,IND,45,3,371,69,136,0.507,1,12,0.083,68,124,0.5479999999999999,0.511,17,21,0.81,29,90,119,56,9,25,31,68,156
Semi Ojeleye,PF,24,BOS,56,3,594,67,158,0.424,28,89,0.315,39,69,0.565,0.513,24,39,0.615,24,62,86,23,10,4,19,43,186
Jahlil Okafor,C,23,NOP,59,24,935,212,362,0.586,1,5,0.2,211,357,0.591,0.5870000000000001,59,89,0.6629999999999999,82,196,278,40,15,40,52,96,484
Elie Okobo,PG,21,PHO,53,16,958,114,290,0.39299999999999996,39,132,0.295,75,158,0.475,0.46,37,47,0.787,12,86,98,127,32,7,69,109,304
Josh Okogie,SG,20,MIN,74,52,1757,196,508,0.386,60,215,0.27899999999999997,136,293,0.46399999999999997,0.445,118,162,0.728,41,177,218,91,88,33,63,166,570
Victor Oladipo,SG,26,IND,36,36,1147,249,588,0.423,74,216,0.34299999999999997,175,372,0.47,0.486,103,141,0.73,21,181,202,186,60,11,82,72,675
Kelly Olynyk,PF,27,MIA,79,36,1812,261,564,0.46299999999999997,113,319,0.354,148,245,0.604,0.563,152,185,0.8220000000000001,72,303,375,140,53,37,114,183,787
Cedi Osman,SF,23,CLE,76,75,2444,360,844,0.42700000000000005,130,374,0.348,230,470,0.489,0.504,141,181,0.779,45,312,357,195,60,11,114,195,991
Kelly Oubre,SF,23,TOT,69,19,1935,375,842,0.445,108,338,0.32,267,504,0.53,0.51,189,244,0.775,71,254,325,84,84,59,103,181,1047
Zaza Pachulia,C,34,DET,68,3,878,85,193,0.44,0,4,0.0,85,189,0.45,0.44,97,124,0.782,99,166,265,91,31,17,57,151,267
Jabari Parker,PF,23,TOT,64,17,1724,369,749,0.493,61,195,0.313,308,554,0.556,0.5329999999999999,131,184,0.7120000000000001,79,342,421,152,46,30,151,145,930
Tony Parker,PG,36,CHO,56,0,1003,213,463,0.46,13,51,0.255,200,412,0.485,0.474,91,124,0.7340000000000001,14,69,83,207,21,7,75,53,530
Chandler Parsons,SF,30,MEM,25,3,496,68,182,0.374,29,94,0.309,39,88,0.44299999999999995,0.45299999999999996,22,25,0.88,4,66,70,43,19,5,32,45,187
Patrick Patterson,PF,29,OKC,63,5,861,82,219,0.374,46,137,0.336,36,82,0.439,0.479,19,30,0.633,42,105,147,31,16,13,22,46,229
Justin Patton,C,21,PHI,3,0,21,2,7,0.28600000000000003,0,2,0.0,2,5,0.4,0.28600000000000003,1,2,0.5,2,4,6,3,2,0,0,5,5
Chris Paul,PG,33,HOU,58,58,1857,302,720,0.419,127,355,0.358,175,365,0.479,0.508,175,203,0.862,36,229,265,473,114,18,152,146,906
Cameron Payne,PG,24,TOT,40,13,712,96,223,0.43,25,84,0.298,71,139,0.511,0.48700000000000004,33,41,0.805,13,59,72,106,28,9,45,64,250
Elfrid Payton,PG,24,NOP,42,42,1250,179,412,0.434,33,105,0.314,146,307,0.47600000000000003,0.475,55,74,0.743,49,171,220,320,44,17,112,81,446
Gary Payton,PG,26,WAS,3,0,16,5,8,0.625,1,2,0.5,4,6,0.667,0.688,0,0,0.0,1,1,2,4,3,1,1,2,11
Theo Pinson,SG,23,BRK,18,0,211,25,73,0.342,12,46,0.261,13,27,0.48100000000000004,0.425,19,22,0.8640000000000001,4,32,36,21,6,0,18,15,81
Mason Plumlee,C,28,DEN,82,17,1731,262,442,0.593,2,10,0.2,260,432,0.602,0.595,111,198,0.561,165,359,524,243,66,76,126,252,637
Miles Plumlee,C,30,ATL,18,0,173,32,48,0.667,0,0,0.0,32,48,0.667,0.667,16,30,0.5329999999999999,16,23,39,17,6,4,10,14,80
Jakob Pöltl,C,23,SAS,77,24,1273,187,290,0.645,0,0,0.0,187,290,0.645,0.645,49,92,0.5329999999999999,178,232,410,93,29,68,48,124,423
Quincy Pondexter,SF,30,SAS,53,0,292,29,58,0.5,6,18,0.33299999999999996,23,40,0.575,0.552,34,42,0.81,8,38,46,24,11,1,13,24,98
Otto Porter,SF,25,TOT,56,43,1683,299,643,0.465,104,256,0.406,195,387,0.504,0.546,78,96,0.813,54,260,314,120,82,31,65,108,780
Bobby Portis,PF,23,TOT,50,28,1299,279,628,0.444,75,191,0.39299999999999996,204,437,0.467,0.504,77,97,0.794,109,294,403,72,35,20,74,145,710
Dwight Powell,C,27,DAL,77,22,1662,290,486,0.597,39,127,0.307,251,359,0.6990000000000001,0.637,196,254,0.772,140,271,411,112,44,50,67,201,815
Norman Powell,SG,25,TOR,60,3,1126,193,400,0.483,68,170,0.4,125,230,0.5429999999999999,0.568,62,75,0.8270000000000001,16,123,139,91,39,13,65,96,516
Alex Poythress,PF,25,ATL,21,1,305,40,81,0.494,9,23,0.391,31,58,0.534,0.5489999999999999,18,29,0.621,29,47,76,17,4,10,13,47,107
Zhou Qi,PF,23,HOU,1,0,1,1,1,1.0,0,0,0.0,1,1,1.0,1.0,0,0,0.0,0,0,0,0,0,0,0,0,2
Ivan Rabb,PF,21,MEM,49,13,721,116,212,0.547,3,15,0.2,113,197,0.574,0.5539999999999999,49,69,0.71,70,136,206,54,17,14,35,90,284
Chasson Randle,PG,25,WAS,49,2,743,91,217,0.419,46,115,0.4,45,102,0.441,0.525,43,62,0.6940000000000001,10,46,56,97,25,3,43,91,271
Julius Randle,PF,24,NOP,73,49,2232,571,1089,0.524,67,195,0.344,504,894,0.564,0.555,356,487,0.731,162,472,634,229,52,45,208,246,1565
J.J. Redick,SG,34,PHI,76,63,2379,452,1027,0.44,240,605,0.397,212,422,0.502,0.557,228,255,0.894,20,166,186,206,32,17,101,129,1372
Davon Reed,SG,23,IND,10,0,47,5,12,0.41700000000000004,2,4,0.5,3,8,0.375,0.5,0,0,0.0,2,4,6,3,1,0,1,3,12
Cameron Reynolds,SG,23,MIN,19,0,259,33,78,0.423,21,51,0.41200000000000003,12,27,0.444,0.5579999999999999,8,9,0.889,4,27,31,13,6,2,5,26,95
Josh Richardson,SG,25,MIA,73,73,2539,423,1026,0.41200000000000003,164,460,0.35700000000000004,259,566,0.45799999999999996,0.49200000000000005,199,231,0.861,54,209,263,298,79,34,113,200,1209
Malachi Richardson,SG,23,TOR,22,0,103,9,29,0.31,8,25,0.32,1,4,0.25,0.44799999999999995,4,5,0.8,2,11,13,0,1,0,8,13,30
Austin Rivers,SG,26,TOT,76,15,2028,232,572,0.406,104,327,0.318,128,245,0.522,0.49700000000000005,50,95,0.526,25,137,162,167,47,23,68,207,618
Devin Robinson,SF,23,WAS,7,0,95,19,32,0.594,0,2,0.0,19,30,0.633,0.594,9,14,0.643,6,14,20,6,4,6,2,11,47
Duncan Robinson,PF,24,MIA,15,1,161,18,46,0.391,10,35,0.28600000000000003,8,11,0.727,0.5,4,6,0.667,2,17,19,5,5,0,4,11,50
Glenn Robinson,SF,25,DET,47,18,610,74,176,0.42,18,62,0.29,56,114,0.491,0.47200000000000003,32,40,0.8,17,54,71,21,14,8,18,45,198
Jerome Robinson,SG,21,LAC,33,0,320,44,110,0.4,18,57,0.316,26,53,0.491,0.48200000000000004,6,9,0.667,3,38,41,19,11,3,13,46,112
Mitchell Robinson,C,20,NYK,66,19,1360,202,291,0.6940000000000001,0,0,0.0,202,291,0.6940000000000001,0.6940000000000001,81,135,0.6,177,246,423,37,52,161,35,217,485
Rajon Rondo,PG,32,LAL,46,29,1369,175,432,0.405,51,142,0.359,124,290,0.428,0.46399999999999997,23,36,0.639,34,209,243,367,57,7,127,100,424
Derrick Rose,PG,30,MIN,51,13,1392,363,753,0.48200000000000004,54,146,0.37,309,607,0.509,0.518,137,160,0.856,33,107,140,220,31,12,82,57,917
Terrence Ross,SG,27,ORL,81,0,2150,440,1027,0.428,217,566,0.38299999999999995,223,461,0.484,0.534,126,144,0.875,27,253,280,135,72,29,90,119,1223
Terry Rozier,PG,24,BOS,79,14,1791,258,666,0.387,119,337,0.353,139,329,0.42200000000000004,0.47700000000000004,73,93,0.785,32,275,307,231,68,21,68,101,708
Ricky Rubio,PG,28,UTA,68,67,1899,295,730,0.40399999999999997,79,254,0.311,216,476,0.45399999999999996,0.45799999999999996,195,228,0.855,33,210,243,416,91,10,180,180,864
D'Angelo Russell,PG,22,BRK,81,81,2448,659,1517,0.434,234,635,0.369,425,882,0.48200000000000004,0.512,160,205,0.78,53,262,315,563,100,20,253,141,1712
Domantas Sabonis,C,22,IND,74,5,1838,413,700,0.59,9,17,0.529,404,683,0.5920000000000001,0.596,208,291,0.715,186,504,690,212,48,30,160,239,1043
Brandon Sampson,SG,21,CHI,14,2,214,28,60,0.467,11,29,0.379,17,31,0.5479999999999999,0.5579999999999999,4,6,0.667,3,13,16,10,8,3,12,19,71
JaKarr Sampson,SF,25,CHI,4,0,127,29,54,0.537,5,14,0.35700000000000004,24,40,0.6,0.583,17,21,0.81,5,27,32,4,4,3,4,8,80
Dario Šarić,PF,24,TOT,81,41,2023,304,696,0.43700000000000006,118,323,0.365,186,373,0.499,0.522,132,150,0.88,126,331,457,127,45,9,97,182,858
Tomáš Satoranský,PG,27,WAS,80,54,2164,257,530,0.485,64,162,0.395,193,368,0.524,0.545,131,160,0.8190000000000001,82,197,279,399,82,13,120,172,709
Dennis Schröder,PG,25,OKC,79,14,2314,457,1104,0.414,124,364,0.341,333,740,0.45,0.47,186,227,0.8190000000000001,38,246,284,323,65,12,172,189,1224
Mike Scott,PF,30,TOT,79,3,1395,168,420,0.4,101,252,0.401,67,168,0.39899999999999997,0.52,22,33,0.667,43,233,276,66,26,13,44,156,459
Thabo Sefolosha,SF,34,UTA,50,2,609,71,149,0.47700000000000004,34,78,0.436,37,71,0.521,0.591,14,22,0.636,8,115,123,27,43,5,25,41,190
Wayne Selden,SG,24,TOT,75,13,1439,196,483,0.406,55,174,0.316,141,309,0.456,0.46299999999999997,67,92,0.728,37,143,180,109,33,13,79,131,514
Collin Sexton,PG,20,CLE,82,72,2605,519,1206,0.43,119,296,0.402,400,910,0.44,0.48,214,255,0.8390000000000001,57,179,236,243,44,6,185,186,1371
Landry Shamet,SG,21,TOT,79,27,1802,240,557,0.431,167,396,0.42200000000000004,73,161,0.45299999999999996,0.581,75,93,0.8059999999999999,21,113,134,117,37,10,45,155,722
Iman Shumpert,SG,28,TOT,62,41,1481,167,446,0.374,95,273,0.348,72,173,0.41600000000000004,0.48100000000000004,36,45,0.8,27,156,183,112,59,24,50,127,465
Pascal Siakam,PF,24,TOR,80,79,2548,519,945,0.5489999999999999,79,214,0.369,440,731,0.602,0.591,237,302,0.785,124,425,549,248,73,52,154,241,1354
Jordan Sibert,SG,26,ATL,1,0,4,1,1,1.0,1,1,1.0,0,0,0.0,1.5,0,0,0.0,0,0,0,0,0,0,0,0,3
Ben Simmons,PG,22,PHI,79,79,2700,540,960,0.563,0,6,0.0,540,954,0.5660000000000001,0.563,257,428,0.6,172,525,697,610,112,61,274,209,1337
Jonathon Simmons,SG-SF,29,TOT,56,9,1064,133,350,0.38,28,104,0.26899999999999996,105,246,0.42700000000000005,0.42,72,97,0.742,27,99,126,128,29,15,68,89,366
Kobi Simmons,PG,21,CLE,1,0,2,0,0,0.0,0,0,0.0,0,0,0.0,0.0,0,0,0.0,0,0,0,0,0,0,0,0,0
Anfernee Simons,SG,19,POR,20,1,141,28,63,0.444,10,29,0.345,18,34,0.529,0.524,9,16,0.563,3,10,13,13,1,0,11,9,75
Marcus Smart,SG,24,BOS,80,60,2200,239,567,0.42200000000000004,126,346,0.364,113,221,0.511,0.5329999999999999,104,129,0.8059999999999999,57,177,234,321,143,28,123,201,708
Dennis Smith,PG,21,TOT,53,50,1508,278,650,0.428,67,208,0.322,211,442,0.47700000000000004,0.479,99,156,0.635,32,123,155,252,67,20,154,129,722
Ish Smith,PG,30,DET,56,0,1251,205,489,0.419,44,135,0.326,161,354,0.455,0.46399999999999997,47,62,0.758,23,122,145,203,28,11,61,109,501
J.R. Smith,SG,33,CLE,11,4,222,27,79,0.342,12,39,0.308,15,40,0.375,0.418,8,10,0.8,0,18,18,21,11,3,11,19,74
Jason Smith,PF-C,32,TOT,20,1,190,21,59,0.35600000000000004,9,26,0.34600000000000003,12,33,0.364,0.43200000000000005,14,16,0.875,16,36,52,14,3,7,13,30,65
Zhaire Smith,SG,19,PHI,6,2,111,14,34,0.41200000000000003,6,16,0.375,8,18,0.444,0.5,6,8,0.75,3,10,13,10,2,2,6,8,40
Tony Snell,SF,27,MIL,74,12,1304,163,361,0.452,81,204,0.397,82,157,0.522,0.564,37,42,0.8809999999999999,29,128,157,68,26,18,23,90,444
Ray Spalding,PF,21,TOT,14,3,148,25,47,0.532,0,3,0.0,25,44,0.568,0.532,4,12,0.33299999999999996,15,33,48,5,9,8,9,23,54
Omari Spellman,PF,21,ATL,46,11,805,98,244,0.402,44,128,0.344,54,116,0.466,0.49200000000000005,32,45,0.711,72,122,194,47,26,25,31,67,272
Nik Stauskas,SG,25,TOT,68,0,1015,136,338,0.402,70,188,0.37200000000000005,66,150,0.44,0.506,57,64,0.8909999999999999,18,109,127,81,21,7,51,50,399
D.J. Stephens,SG,28,MEM,1,0,7,1,2,0.5,0,0,0.0,1,2,0.5,0.5,0,0,0.0,0,0,0,0,1,0,1,0,2
Lance Stephenson,SG,28,LAL,68,3,1123,184,432,0.426,73,197,0.371,111,235,0.47200000000000003,0.51,50,73,0.685,32,183,215,140,41,7,86,111,491
Edmond Sumner,PG,23,IND,23,2,210,22,64,0.344,7,27,0.259,15,37,0.405,0.39799999999999996,15,24,0.625,9,15,24,10,12,5,10,26,66
Caleb Swanigan,PF,21,TOT,21,0,178,18,53,0.34,1,7,0.14300000000000002,17,46,0.37,0.349,6,9,0.667,17,47,64,11,6,1,18,28,43
Jayson Tatum,SF,20,BOS,79,79,2455,466,1036,0.45,116,311,0.373,350,725,0.483,0.506,195,228,0.855,70,407,477,168,84,57,122,168,1243
Jeff Teague,PG,30,MIN,42,41,1264,176,416,0.423,35,105,0.33299999999999996,141,311,0.45299999999999996,0.465,123,153,0.804,16,90,106,343,43,18,97,90,510
Garrett Temple,SG,32,TOT,75,55,2040,208,493,0.42200000000000004,90,264,0.341,118,229,0.515,0.513,80,107,0.748,28,188,216,106,76,30,70,204,586
Miloš Teodosić,PG,31,LAC,15,0,150,17,40,0.425,10,27,0.37,7,13,0.5379999999999999,0.55,4,7,0.5710000000000001,3,13,16,32,3,1,21,27,48
Jared Terrell,SG,23,MIN,14,0,111,12,39,0.308,4,17,0.235,8,22,0.364,0.359,3,6,0.5,1,5,6,12,3,2,10,16,31
Emanuel Terry,PF,22,TOT,3,0,23,4,7,0.5710000000000001,0,0,0.0,4,7,0.5710000000000001,0.5710000000000001,2,4,0.5,3,4,7,2,3,0,2,4,10
Daniel Theis,C,26,BOS,66,2,908,146,266,0.5489999999999999,26,67,0.38799999999999996,120,199,0.603,0.598,56,76,0.737,87,138,225,68,21,42,33,161,374
Isaiah Thomas,SG,29,DEN,12,0,181,34,99,0.34299999999999997,12,43,0.27899999999999997,22,56,0.39299999999999996,0.40399999999999997,17,27,0.63,5,8,13,23,5,1,18,17,97
Khyri Thomas,SG,22,DET,26,0,195,22,69,0.319,10,35,0.28600000000000003,12,34,0.353,0.391,7,11,0.636,4,16,20,8,7,5,4,22,61
Lance Thomas,PF,30,NYK,46,17,783,78,197,0.396,22,79,0.278,56,118,0.475,0.452,27,36,0.75,21,96,117,27,17,7,24,83,205
Klay Thompson,SG,28,GSW,78,78,2652,655,1402,0.467,241,599,0.402,414,803,0.516,0.5529999999999999,129,158,0.816,37,262,299,186,84,47,115,157,1680
Tristan Thompson,C,27,CLE,43,40,1198,201,380,0.529,0,0,0.0,201,380,0.529,0.529,68,106,0.642,173,265,438,86,28,16,59,89,470
Sindarius Thornwell,SG,24,LAC,64,1,313,17,49,0.34700000000000003,3,15,0.2,14,34,0.41200000000000003,0.37799999999999995,25,34,0.735,5,39,44,18,14,7,20,41,62
Anthony Tolliver,PF,33,MIN,65,0,1079,99,259,0.382,81,215,0.377,18,44,0.409,0.539,47,60,0.7829999999999999,15,162,177,46,17,21,36,91,326
Karl-Anthony Towns,C,23,MIN,77,77,2545,681,1314,0.518,142,355,0.4,539,959,0.562,0.5720000000000001,376,450,0.836,263,691,954,259,67,125,240,292,1880
Gary Trent,SG,20,POR,15,1,111,16,50,0.32,5,21,0.23800000000000002,11,29,0.379,0.37,3,7,0.429,1,10,11,5,1,2,4,4,40
Allonzo Trier,SG,23,NYK,64,3,1459,232,518,0.44799999999999995,52,132,0.39399999999999996,180,386,0.466,0.498,179,223,0.8029999999999999,31,166,197,119,28,14,116,117,695
P.J. Tucker,PF,33,HOU,82,82,2802,207,523,0.396,146,387,0.377,61,136,0.449,0.535,41,59,0.695,121,358,479,96,132,39,63,252,601
Evan Turner,PG,30,POR,73,2,1605,204,443,0.46,11,52,0.212,193,391,0.494,0.473,75,106,0.708,37,291,328,283,33,18,114,110,494
Myles Turner,C,22,IND,74,74,2119,380,780,0.48700000000000004,76,196,0.38799999999999996,304,584,0.521,0.536,148,201,0.736,101,430,531,115,60,199,100,195,984
Ekpe Udoh,C,31,UTA,51,1,320,50,72,0.6940000000000001,0,0,0.0,50,72,0.6940000000000001,0.6940000000000001,19,30,0.633,27,63,90,28,10,31,13,36,119
Tyler Ulis,PG,23,CHI,1,0,1,0,0,0.0,0,0,0.0,0,0,0.0,0.0,0,0,0.0,0,0,0,0,0,0,0,0,0
Jonas Valančiūnas,C,26,TOT,49,27,1091,301,538,0.5589999999999999,14,48,0.292,287,490,0.586,0.5720000000000001,147,185,0.795,106,313,419,70,19,53,90,146,763
Jarred Vanderbilt,PF,19,DEN,17,0,69,9,19,0.474,0,1,0.0,9,18,0.5,0.474,6,10,0.6,7,16,23,3,6,1,8,8,24
Fred VanVleet,PG,24,TOR,64,28,1760,246,600,0.41,112,296,0.37799999999999995,134,304,0.441,0.503,97,115,0.843,21,146,167,307,57,20,82,110,701
Noah Vonleh,PF,23,NYK,68,57,1722,207,440,0.47,46,137,0.336,161,303,0.531,0.523,111,156,0.7120000000000001,113,415,528,129,46,51,88,174,571
Nikola Vučević,C,28,ORL,80,80,2510,701,1354,0.518,84,231,0.364,617,1123,0.5489999999999999,0.5489999999999999,179,227,0.789,224,736,960,307,81,89,159,157,1665
Dwyane Wade,SG,37,MIA,72,2,1885,416,960,0.433,86,261,0.33,330,699,0.47200000000000003,0.478,165,233,0.708,69,216,285,301,59,38,166,118,1083
Moritz Wagner,C,21,LAL,43,5,446,71,171,0.415,22,77,0.28600000000000003,49,94,0.521,0.48,43,53,0.8109999999999999,17,68,85,24,11,13,39,57,207
Dion Waiters,SG,27,MIA,44,28,1138,198,478,0.414,109,289,0.377,89,189,0.47100000000000003,0.528,22,44,0.5,7,109,116,121,29,9,64,72,527
Kemba Walker,PG,28,CHO,82,82,2863,731,1684,0.434,260,731,0.35600000000000004,471,953,0.494,0.511,380,450,0.8440000000000001,52,309,361,484,102,34,211,131,2102
Lonnie Walker,SG,20,SAS,17,0,118,16,46,0.348,5,13,0.385,11,33,0.33299999999999996,0.402,8,10,0.8,0,17,17,9,7,3,4,7,45
John Wall,PG,28,WAS,32,32,1104,245,552,0.444,51,169,0.302,194,383,0.507,0.49,122,175,0.6970000000000001,15,101,116,279,49,29,121,71,663
Tyrone Wallace,PG,24,LAC,62,0,628,92,217,0.424,4,19,0.21100000000000002,88,198,0.444,0.433,30,57,0.526,20,81,101,42,21,7,36,83,218
Taurean Waller-Prince,SF,24,ATL,55,47,1552,262,594,0.441,123,315,0.39,139,279,0.498,0.545,95,116,0.8190000000000001,22,177,199,118,53,19,100,141,742
Brad Wanamaker,PG,29,BOS,36,0,343,50,105,0.47600000000000003,16,39,0.41,34,66,0.515,0.552,24,28,0.857,3,38,41,56,12,2,19,34,140
T.J. Warren,SF,25,PHO,43,36,1360,297,611,0.486,77,180,0.428,220,431,0.51,0.5489999999999999,101,124,0.815,31,143,174,64,51,29,52,119,772
Julian Washburn,SF,27,MEM,18,3,254,16,48,0.33299999999999996,5,24,0.20800000000000002,11,24,0.45799999999999996,0.385,3,4,0.75,8,33,41,14,13,2,7,16,40
Yuta Watanabe,SF,24,MEM,15,0,174,15,51,0.294,2,16,0.125,13,35,0.371,0.314,7,10,0.7,4,27,31,8,4,1,6,11,39
Thomas Welsh,C,22,DEN,11,0,36,7,13,0.5379999999999999,3,7,0.429,4,6,0.667,0.654,1,2,0.5,0,4,4,5,0,0,1,3,18
Russell Westbrook,PG,30,OKC,73,73,2630,630,1473,0.428,119,411,0.29,511,1062,0.48100000000000004,0.46799999999999997,296,451,0.6559999999999999,109,698,807,784,142,33,325,245,1675
Derrick White,PG,24,SAS,67,55,1728,260,543,0.479,48,142,0.33799999999999997,212,401,0.529,0.523,95,123,0.772,35,212,247,263,67,47,97,145,663
Okaro White,PF,26,WAS,3,0,6,0,2,0.0,0,2,0.0,0,0,0.0,0.0,0,0,0.0,1,1,2,0,0,0,0,0,0
Hassan Whiteside,C,29,MIA,72,53,1674,388,680,0.5710000000000001,2,16,0.125,386,664,0.581,0.5720000000000001,109,243,0.449,257,560,817,56,46,136,97,192,887
Andrew Wiggins,SF,23,MIN,73,73,2543,498,1209,0.41200000000000003,118,348,0.33899999999999997,380,861,0.441,0.461,207,296,0.6990000000000001,83,269,352,184,70,48,138,153,1321
Alan Williams,PF,26,BRK,5,0,26,8,13,0.615,0,1,0.0,8,12,0.667,0.615,2,4,0.5,4,15,19,3,1,0,1,2,18
C.J. Williams,SG,28,MIN,15,0,128,17,35,0.486,5,16,0.313,12,19,0.632,0.557,0,1,0.0,1,7,8,12,6,0,5,16,39
Johnathan Williams,C,23,LAL,24,0,372,65,110,0.591,0,2,0.0,65,108,0.602,0.591,27,48,0.563,48,51,99,13,8,7,16,62,157
Kenrich Williams,SF,24,NOP,46,29,1079,107,279,0.384,52,156,0.33299999999999996,55,123,0.447,0.47700000000000004,13,19,0.684,55,164,219,83,45,19,36,95,279
Lou Williams,SG,32,LAC,75,1,1993,484,1138,0.425,105,291,0.361,379,847,0.447,0.47100000000000003,425,485,0.8759999999999999,40,182,222,402,57,11,181,80,1498
Marvin Williams,PF,32,CHO,75,75,2133,275,652,0.42200000000000004,140,382,0.366,135,270,0.5,0.529,66,86,0.767,76,331,407,92,71,61,47,156,756
Robert Williams,C,21,BOS,32,2,283,36,51,0.706,0,0,0.0,36,51,0.706,0.706,9,15,0.6,27,54,81,7,9,40,10,36,81
Troy Williams,SF,24,SAC,21,0,312,44,98,0.449,14,44,0.318,30,54,0.556,0.52,9,15,0.6,12,47,59,11,10,8,9,37,111
D.J. Wilson,PF,22,MIL,48,3,882,104,251,0.414,46,127,0.36200000000000004,58,124,0.46799999999999997,0.506,26,47,0.5529999999999999,45,177,222,52,18,20,32,85,280
Justise Winslow,SF,22,MIA,66,52,1959,324,749,0.433,96,256,0.375,228,493,0.462,0.49700000000000005,86,137,0.628,63,292,355,282,72,19,142,177,830
Christian Wood,PF,23,TOT,21,2,251,61,117,0.521,9,26,0.34600000000000003,52,91,0.5710000000000001,0.56,41,56,0.732,17,66,83,8,7,10,17,17,172
Delon Wright,PG,26,TOT,75,13,1699,242,558,0.434,50,168,0.298,192,390,0.49200000000000005,0.478,119,150,0.7929999999999999,68,198,266,248,88,30,77,103,653
Guerschon Yabusele,PF,23,BOS,41,1,251,35,77,0.455,9,28,0.321,26,49,0.531,0.513,15,22,0.682,23,30,53,15,8,7,15,32,94
Nick Young,SG,33,DEN,4,0,37,3,9,0.33299999999999996,3,8,0.375,0,1,0.0,0.5,0,0,0.0,0,1,1,2,0,1,2,4,9
Thaddeus Young,PF,30,IND,81,81,2489,443,841,0.527,51,146,0.349,392,695,0.564,0.557,87,135,0.644,192,331,523,204,123,36,123,194,1024
Trae Young,PG,20,ATL,81,81,2503,525,1256,0.418,156,482,0.324,369,774,0.47700000000000004,0.48,343,414,0.8290000000000001,64,237,301,653,72,15,308,140,1549
Cody Zeller,C,26,CHO,49,47,1243,190,345,0.551,6,22,0.273,184,323,0.57,0.5589999999999999,111,141,0.787,110,223,333,102,38,41,62,164,497
Tyler Zeller,C,29,TOT,6,1,93,16,30,0.5329999999999999,0,1,0.0,16,29,0.552,0.5329999999999999,14,18,0.778,11,13,24,4,1,3,4,20,46
Ante Žižić,C,22,CLE,59,25,1082,183,331,0.5529999999999999,0,0,0.0,183,331,0.5529999999999999,0.5529999999999999,93,132,0.705,108,212,320,53,13,22,61,113,459
Ivica Zubac,C,21,TOT,59,37,1040,212,379,0.5589999999999999,0,0,0.0,212,379,0.5589999999999999,0.5589999999999999,101,126,0.802,115,247,362,63,14,51,70,137,525
