Player,Pos,Age,Tm,G,GS,MP,FG,FGA,FG%,3P,3PA,3P%,2P,2PA,2P%,eFG%,FT,FTA,FT%,ORB,DRB,TRB,AST,STL,BLK,TOV,PF,PTS
Shareef Abdur-Rahim,C,30,SAC,80,45,2015,310,654,0.474,3,20,0.15,307,634,0.484,0.47600000000000003,170,234,0.726,122,276,398,109,53,40,116,243,793
Hassan Adams,SG,22,NJN,61,8,495,75,135,0.556,0,1,0.0,75,134,0.56,0.556,24,36,0.667,35,42,77,13,17,4,22,47,174
Maurice Ager,SG,22,DAL,32,1,214,22,70,0.314,5,15,0.33299999999999996,17,55,0.309,0.35,20,33,0.606,1,20,21,7,4,3,15,27,69
LaMarcus Aldridge,C,21,POR,63,22,1392,241,479,0.503,0,2,0.0,241,477,0.505,0.503,83,115,0.722,144,168,312,24,22,73,43,186,565
Malik Allen,PF,28,CHI,60,1,638,107,258,0.415,0,1,0.0,107,257,0.41600000000000004,0.415,28,34,0.8240000000000001,42,77,119,16,17,16,21,85,242
Ray Allen*,SG,31,SEA,55,55,2219,505,1153,0.43799999999999994,165,443,0.37200000000000005,340,710,0.479,0.51,279,309,0.903,57,190,247,228,82,11,154,113,1454
Tony Allen,SG,25,BOS,33,18,805,133,259,0.514,8,33,0.242,125,226,0.5529999999999999,0.529,105,134,0.784,35,89,124,56,49,12,75,87,379
Rafer Alston,PG,30,HOU,82,82,3040,383,1020,0.375,192,529,0.363,191,491,0.389,0.47,130,177,0.7340000000000001,29,253,282,444,129,10,170,195,1088
Lou Amundson,PF,24,TOT,11,0,89,6,15,0.4,0,0,0.0,6,15,0.4,0.4,4,10,0.4,13,15,28,1,1,8,5,15,16
Alan Anderson,SG,24,CHA,17,0,256,37,81,0.457,5,20,0.25,32,61,0.525,0.488,19,23,0.826,11,21,32,21,7,0,22,33,98
Derek Anderson,SF,32,CHA,50,32,1190,126,294,0.429,54,152,0.355,72,142,0.507,0.52,93,106,0.877,29,84,113,133,52,7,56,115,399
Carmelo Anthony,SF,22,DEN,65,65,2486,691,1453,0.47600000000000003,40,149,0.268,651,1304,0.499,0.489,459,568,0.8079999999999999,143,248,391,249,77,23,234,203,1881
Rafael Araújo,C,26,UTA,28,0,248,27,65,0.415,0,0,0.0,27,65,0.415,0.415,18,29,0.621,22,44,66,10,6,2,17,39,72
Gilbert Arenas,PG,25,WAS,74,73,2942,647,1548,0.418,205,584,0.35100000000000003,442,964,0.45899999999999996,0.484,606,718,0.8440000000000001,61,277,338,443,139,13,236,249,2105
Trevor Ariza,SG,21,ORL,57,7,1278,200,371,0.539,0,7,0.0,200,364,0.5489999999999999,0.539,106,171,0.62,98,151,249,65,59,19,84,134,506
Darrell Armstrong,PG,38,IND,81,4,1275,156,377,0.414,72,214,0.336,84,163,0.515,0.509,73,93,0.785,34,101,135,191,70,6,76,102,457
Hilton Armstrong,C,22,NOK,56,5,634,68,125,0.544,0,0,0.0,68,125,0.544,0.544,40,67,0.597,58,91,149,10,12,26,35,79,176
Carlos Arroyo,PG,27,ORL,72,5,1304,203,478,0.425,14,51,0.275,189,427,0.44299999999999995,0.439,132,166,0.795,31,103,134,202,39,2,90,131,552
Chucky Atkins,PG,32,MEM,75,23,2064,310,715,0.434,116,306,0.379,194,409,0.474,0.515,252,311,0.81,18,121,139,346,50,4,127,136,988
James Augustine,PF,22,ORL,2,0,7,1,3,0.33299999999999996,0,0,0.0,1,3,0.33299999999999996,0.33299999999999996,0,0,0.0,1,2,3,2,0,0,0,2,2
Kelenna Azubuike,SG,23,GSW,41,9,669,98,220,0.445,34,79,0.43,64,141,0.45399999999999996,0.523,61,78,0.782,26,68,94,28,22,10,39,49,291
Renaldo Balkman,SF,22,NYK,68,1,1064,139,275,0.505,5,27,0.185,134,248,0.54,0.515,51,90,0.5670000000000001,97,197,294,44,57,44,49,146,334
Marcus Banks,PG,25,PHO,45,1,503,84,196,0.429,5,29,0.172,79,167,0.473,0.441,48,60,0.8,10,28,38,60,23,3,40,70,221
Leandro Barbosa,SG,24,PHO,80,18,2613,529,1111,0.47600000000000003,190,438,0.434,339,673,0.504,0.562,196,232,0.845,22,192,214,317,96,15,146,210,1444
J.J. Barea,PG,22,DAL,33,1,191,28,78,0.359,6,21,0.28600000000000003,22,57,0.386,0.397,16,24,0.667,7,18,25,24,1,1,14,19,78
Andrea Bargnani,PF,21,TOR,65,2,1629,267,625,0.42700000000000005,100,268,0.373,167,357,0.46799999999999997,0.507,117,142,0.8240000000000001,52,203,255,50,32,53,107,180,751
Matt Barnes,PF,26,GSW,76,23,1813,275,628,0.43799999999999994,106,290,0.366,169,338,0.5,0.522,90,123,0.732,91,259,350,156,73,41,105,188,746
Andre Barrett,PG,24,CHI,6,0,29,4,8,0.5,0,0,0.0,4,8,0.5,0.5,0,0,0.0,1,4,5,7,0,0,4,4,8
Earl Barron,C,25,MIA,28,0,203,24,83,0.289,0,1,0.0,24,82,0.293,0.289,17,18,0.9440000000000001,19,22,41,5,6,4,11,21,65
Brent Barry,SG,35,SAS,75,28,1631,202,425,0.475,128,287,0.446,74,138,0.536,0.626,103,117,0.88,17,143,160,138,56,12,61,88,635
Brandon Bass,PF,21,NOK,21,3,162,15,44,0.341,0,1,0.0,15,43,0.349,0.341,12,16,0.75,13,30,43,3,2,3,10,16,42
Maceo Baston,PF,31,IND,47,2,405,49,76,0.645,3,7,0.429,46,69,0.667,0.664,37,47,0.787,21,53,74,16,12,18,32,65,138
Esteban Batista,PF,23,ATL,13,0,81,8,16,0.5,0,0,0.0,8,16,0.5,0.5,4,7,0.5710000000000001,7,23,30,4,3,0,4,13,20
Tony Battie,PF,30,ORL,66,66,1575,176,360,0.489,0,1,0.0,176,359,0.49,0.489,52,77,0.675,92,252,344,35,29,30,61,185,404
Shane Battier,SF,28,HOU,82,82,2988,292,654,0.446,157,373,0.42100000000000004,135,281,0.48,0.5670000000000001,88,113,0.779,67,271,338,175,79,60,72,190,829
Charlie Bell,SG,27,MIL,82,64,2848,426,974,0.43700000000000006,127,361,0.35200000000000004,299,613,0.488,0.503,131,168,0.78,57,181,238,247,97,4,104,213,1110
Raja Bell,SG,30,PHO,78,78,2917,410,950,0.43200000000000005,205,496,0.413,205,454,0.452,0.539,118,152,0.7759999999999999,48,203,251,196,50,22,83,233,1143
Mike Bibby,PG,28,SAC,82,82,2784,471,1166,0.40399999999999997,173,481,0.36,298,685,0.435,0.478,288,347,0.83,39,224,263,388,88,6,197,139,1403
Andris Biedriņš,C,20,GSW,82,63,2382,348,581,0.599,0,0,0.0,348,581,0.599,0.599,87,167,0.521,251,511,762,88,67,136,119,304,783
Chauncey Billups,PG,30,DET,70,70,2533,348,815,0.42700000000000005,109,316,0.345,239,499,0.479,0.494,386,437,0.883,23,214,237,502,84,17,140,161,1191
Steve Blake,PG,26,TOT,82,42,2225,209,509,0.41100000000000003,67,208,0.322,142,301,0.47200000000000003,0.47600000000000003,43,64,0.672,21,148,169,408,61,8,129,121,528
Will Blalock,PG,23,DET,14,0,166,9,30,0.3,1,5,0.2,8,25,0.32,0.317,6,6,1.0,6,9,15,17,5,0,12,9,25
Andray Blatche,PF,20,WAS,56,13,682,86,197,0.43700000000000006,4,27,0.14800000000000002,82,170,0.48200000000000004,0.447,30,49,0.612,77,114,191,39,17,32,49,94,206
Mark Blount,C,31,MIN,82,81,2544,427,839,0.509,9,31,0.29,418,808,0.517,0.514,147,195,0.754,136,369,505,67,43,58,159,239,1010
Keith Bogans,SG,26,ORL,59,18,990,99,245,0.40399999999999997,53,137,0.387,46,108,0.426,0.512,47,63,0.746,16,77,93,59,28,2,46,98,298
Andrew Bogut,C,22,MIL,66,66,2258,348,629,0.5529999999999999,1,5,0.2,347,624,0.556,0.5539999999999999,112,194,0.5770000000000001,168,416,584,198,49,35,150,216,809
Matt Bonner,PF,26,SAS,56,0,653,106,237,0.447,36,94,0.38299999999999995,70,143,0.49,0.523,27,38,0.711,64,92,156,22,17,11,25,67,275
Josh Boone,PF,22,NJN,61,0,669,99,171,0.579,0,0,0.0,99,171,0.579,0.579,56,103,0.544,64,112,176,10,11,21,33,94,254
Calvin Booth,C,30,WAS,44,1,380,31,66,0.47,1,2,0.5,30,64,0.469,0.47700000000000004,6,10,0.6,27,54,81,18,4,29,9,71,69
Carlos Boozer,PF,25,UTA,74,74,2557,647,1154,0.561,0,0,0.0,647,1154,0.561,0.561,255,372,0.685,235,632,867,221,70,21,194,217,1549
Chris Bosh,C,22,TOR,69,69,2658,543,1094,0.496,12,35,0.34299999999999997,531,1059,0.501,0.502,463,590,0.785,186,555,741,175,39,90,179,163,1561
Bruce Bowen,SF,35,SAS,82,82,2464,189,467,0.405,89,232,0.384,100,235,0.426,0.5,43,73,0.589,23,200,223,117,62,25,65,175,510
Earl Boykins,PG,30,TOT,66,23,2031,323,769,0.42,95,239,0.397,228,530,0.43,0.48200000000000004,220,245,0.898,49,90,139,291,56,2,120,92,961
Cedric Bozeman,SG,23,ATL,23,5,199,11,39,0.282,2,13,0.154,9,26,0.34600000000000003,0.308,2,6,0.33299999999999996,3,20,23,9,5,2,9,32,26
Elton Brand,PF,27,LAC,80,80,3077,645,1211,0.5329999999999999,1,1,1.0,644,1210,0.532,0.5329999999999999,351,461,0.7609999999999999,268,476,744,235,77,179,202,238,1642
Ronnie Brewer,SG,21,UTA,56,14,675,102,193,0.528,0,9,0.0,102,184,0.5539999999999999,0.528,56,83,0.675,37,38,75,24,37,6,24,44,260
Primož Brezec,C,27,CHA,58,40,838,122,274,0.445,1,3,0.33299999999999996,121,271,0.446,0.447,43,68,0.632,80,104,184,23,11,23,38,161,288
Andre Brown,PF,25,SEA,38,0,271,42,74,0.568,0,1,0.0,42,73,0.575,0.568,9,15,0.6,26,48,74,2,6,4,29,26,93
Dee Brown,PG,22,UTA,49,0,450,32,98,0.327,6,28,0.214,26,70,0.371,0.35700000000000004,24,37,0.649,8,32,40,83,22,7,31,51,94
Devin Brown,SG,28,NOK,58,49,1662,233,555,0.42,81,227,0.35700000000000004,152,328,0.46299999999999997,0.493,123,155,0.794,55,196,251,149,44,9,91,139,670
Kwame Brown,C,24,LAL,41,28,1132,143,242,0.591,0,1,0.0,143,241,0.593,0.591,59,134,0.44,81,163,244,75,39,49,76,124,345
P.J. Brown,PF,37,CHI,72,49,1456,170,418,0.40700000000000003,0,2,0.0,170,416,0.409,0.40700000000000003,96,122,0.787,129,218,347,48,24,52,85,187,436
Shannon Brown,SG,21,CLE,23,5,202,28,74,0.37799999999999995,7,25,0.28,21,49,0.429,0.426,10,14,0.7140000000000001,6,15,21,10,7,3,14,24,73
Kobe Bryant,SG,28,LAL,77,77,3140,813,1757,0.46299999999999997,137,398,0.344,676,1359,0.49700000000000005,0.502,667,768,0.868,75,364,439,413,111,36,255,205,2430
Greg Buckner,SG,30,DAL,76,11,1372,123,299,0.41100000000000003,32,103,0.311,91,196,0.46399999999999997,0.465,27,34,0.794,35,123,158,70,47,7,40,152,305
Pat Burke,C,33,PHO,23,0,164,23,65,0.354,6,22,0.273,17,43,0.395,0.4,8,13,0.615,12,35,47,5,3,2,7,19,60
Caron Butler,SF,26,WAS,63,63,2474,451,975,0.46299999999999997,18,72,0.25,433,903,0.48,0.47200000000000003,283,328,0.863,147,320,467,233,134,17,181,188,1203
Jackie Butler,C,21,SAS,11,2,103,16,35,0.457,0,0,0.0,16,35,0.457,0.457,9,10,0.9,6,16,22,5,2,0,10,16,41
Rasual Butler,SF,27,NOK,81,38,2223,314,788,0.39799999999999996,134,363,0.369,180,425,0.424,0.484,56,87,0.644,42,214,256,63,40,54,67,148,818
Andrew Bynum,C,19,LAL,82,53,1793,247,443,0.5579999999999999,0,3,0.0,247,440,0.561,0.5579999999999999,143,214,0.6679999999999999,139,345,484,94,12,128,115,249,637
José Calderón,PG,25,TOR,77,11,1614,263,505,0.521,25,75,0.33299999999999996,238,430,0.5529999999999999,0.546,117,143,0.818,21,113,134,387,63,5,110,136,668
Marcus Camby,C,32,DEN,70,70,2369,312,659,0.473,0,2,0.0,312,657,0.475,0.473,161,221,0.7290000000000001,164,652,816,223,87,231,122,183,785
Brian Cardinal,PF,29,MEM,28,1,313,42,85,0.494,18,44,0.409,24,41,0.585,0.6,25,27,0.9259999999999999,13,46,59,31,22,1,23,42,127
Rodney Carney,SF,22,PHI,67,35,1169,182,392,0.46399999999999997,25,72,0.34700000000000003,157,320,0.491,0.496,53,87,0.609,39,89,128,26,38,23,43,118,442
Matt Carroll,SG,26,CHA,72,47,1878,285,658,0.433,111,267,0.41600000000000004,174,391,0.445,0.517,188,208,0.904,35,172,207,91,53,9,73,176,869
Anthony Carter,PG,31,DEN,2,0,37,3,8,0.375,0,2,0.0,3,6,0.5,0.375,0,0,0.0,0,3,3,11,0,1,6,4,6
Vince Carter,SG,30,NJN,82,82,3126,726,1598,0.45399999999999996,156,437,0.35700000000000004,570,1161,0.491,0.503,462,576,0.802,114,378,492,393,82,30,217,266,2070
Sam Cassell,PG,37,LAC,58,30,1407,261,625,0.418,32,109,0.294,229,516,0.444,0.44299999999999995,160,182,0.879,27,140,167,270,28,8,101,126,714
Kelvin Cato,C,32,NYK,18,0,95,7,22,0.318,0,0,0.0,7,22,0.318,0.318,8,12,0.667,12,19,31,0,3,10,6,10,22
Tyson Chandler,C,24,NOK,73,73,2525,292,468,0.624,0,1,0.0,292,467,0.625,0.624,106,201,0.527,320,584,904,66,37,129,126,244,690
Josh Childress,SG,23,ATL,55,13,2024,261,518,0.504,26,77,0.33799999999999997,235,441,0.5329999999999999,0.529,167,210,0.795,123,217,340,127,58,36,80,118,715
Doug Christie,SG,36,LAC,7,0,82,5,17,0.294,1,6,0.16699999999999998,4,11,0.364,0.324,2,3,0.667,3,8,11,8,3,1,5,11,13
Speedy Claxton,PG,28,ATL,42,31,1054,91,278,0.327,6,28,0.214,85,250,0.34,0.33799999999999997,33,60,0.55,12,69,81,185,72,4,75,131,221
Jarron Collins,C,28,UTA,82,9,913,75,170,0.441,0,0,0.0,75,170,0.441,0.441,54,83,0.6509999999999999,71,100,171,60,13,8,37,147,204
Jason Collins,PF,28,NJN,80,78,1844,55,151,0.364,0,2,0.0,55,149,0.369,0.364,59,127,0.465,90,226,316,46,40,38,73,273,169
Mardy Collins,SF,22,NYK,52,9,777,87,228,0.382,13,47,0.27699999999999997,74,181,0.409,0.41,48,82,0.585,28,76,104,83,32,3,57,75,235
Nick Collison,C,26,SEA,82,56,2378,318,636,0.5,0,2,0.0,318,634,0.502,0.5,154,199,0.774,229,437,666,82,48,66,123,289,790
Will Conroy,PG-SG,24,TOT,7,0,52,0,3,0.0,0,0,0.0,0,3,0.0,0.0,0,4,0.0,3,4,7,9,0,0,2,7,0
Brian Cook,PF,26,LAL,65,24,1018,185,408,0.45299999999999996,46,115,0.4,139,293,0.474,0.51,34,47,0.723,61,154,215,65,25,27,51,134,450
Jamal Crawford,SG,26,NYK,59,36,2198,354,886,0.4,103,322,0.32,251,564,0.445,0.45799999999999996,228,272,0.838,44,145,189,259,57,8,162,114,1039
Austin Croshere,PF,31,DAL,61,2,727,78,222,0.35100000000000003,26,91,0.28600000000000003,52,131,0.397,0.41,45,52,0.865,33,153,186,44,14,6,33,68,227
Eddy Curry,C,24,NYK,81,81,2849,585,1016,0.5760000000000001,1,1,1.0,584,1015,0.575,0.5760000000000001,405,659,0.615,195,376,571,68,34,40,295,265,1576
Samuel Dalembert,C,25,PHI,82,82,2535,356,658,0.541,0,2,0.0,356,656,0.5429999999999999,0.541,167,224,0.746,239,494,733,64,47,159,161,287,879
Erick Dampier,C,31,DAL,76,73,1915,209,334,0.626,0,0,0.0,209,334,0.626,0.626,119,191,0.623,217,349,566,44,24,82,107,239,537
Antonio Daniels,SG,31,WAS,80,8,1761,172,389,0.442,19,63,0.302,153,326,0.469,0.467,208,250,0.8320000000000001,18,133,151,290,39,9,69,79,571
Marquis Daniels,SG,26,IND,45,4,800,129,281,0.45899999999999996,6,26,0.231,123,255,0.48200000000000004,0.47,56,80,0.7,26,56,82,57,27,7,55,56,320
Baron Davis,PG,27,GSW,63,62,2221,452,1030,0.439,85,280,0.304,367,750,0.489,0.48,275,369,0.745,51,225,276,509,135,29,193,181,1264
Dale Davis,C,37,DET,46,6,464,33,74,0.446,0,0,0.0,33,74,0.446,0.446,17,26,0.654,59,78,137,12,10,34,15,59,83
Paul Davis,C,22,LAC,31,0,180,22,52,0.423,0,0,0.0,22,52,0.423,0.423,7,10,0.7,21,23,44,7,6,5,8,28,51
Ricky Davis,SF,27,MIN,81,81,3021,506,1089,0.465,123,310,0.397,383,779,0.49200000000000005,0.521,239,285,0.8390000000000001,54,261,315,385,80,23,210,189,1374
Carlos Delfino,SG,24,DET,82,1,1372,156,376,0.415,46,138,0.33299999999999996,110,238,0.462,0.47600000000000003,70,89,0.787,67,199,266,88,46,8,61,97,428
Luol Deng,SF,21,CHI,82,82,3071,630,1218,0.517,1,7,0.14300000000000002,629,1211,0.519,0.518,279,359,0.777,148,431,579,204,97,48,153,167,1540
Boris Diaw,PF,24,PHO,73,59,2268,306,569,0.5379999999999999,15,45,0.33299999999999996,291,524,0.555,0.551,82,120,0.6829999999999999,91,226,317,352,28,38,154,177,709
Yakhouba Diawara,SG,24,DEN,64,19,1177,100,292,0.342,49,170,0.28800000000000003,51,122,0.418,0.426,35,53,0.66,27,83,110,55,30,7,37,132,284
Dan Dickau,PG,28,POR,50,3,444,54,151,0.358,16,61,0.262,38,90,0.42200000000000004,0.41100000000000003,42,53,0.792,7,36,43,70,14,1,27,55,166
Travis Diener,PG,24,ORL,26,0,288,34,80,0.425,18,50,0.36,16,30,0.5329999999999999,0.5379999999999999,12,15,0.8,3,15,18,35,4,0,13,27,98
Ike Diogu,PF,23,TOT,59,2,760,127,266,0.47700000000000004,0,0,0.0,127,266,0.47700000000000004,0.47700000000000004,112,140,0.8,75,128,203,25,8,26,67,122,366
DeSagana Diop,C,25,DAL,81,9,1480,71,151,0.47,0,1,0.0,71,150,0.473,0.47,48,86,0.5579999999999999,166,272,438,30,40,113,63,244,190
Juan Dixon,SG,28,TOT,81,6,1926,299,703,0.425,79,226,0.35,220,477,0.461,0.48200000000000004,101,116,0.871,27,131,158,123,76,9,101,177,778
Michael Doleac,C,29,MIA,56,0,698,82,175,0.469,0,1,0.0,82,174,0.47100000000000003,0.469,36,41,0.878,44,111,155,22,18,15,30,96,200
Keyon Dooling,SG,26,ORL,66,2,1435,188,458,0.41,31,96,0.32299999999999995,157,362,0.434,0.444,114,141,0.809,22,64,86,112,52,15,72,125,521
Quincy Douby,PG,22,SAC,42,0,359,48,126,0.381,12,50,0.24,36,76,0.474,0.429,11,15,0.733,11,26,37,15,15,4,15,21,119
Chris Duhon,PG,24,CHI,78,30,1906,197,483,0.408,88,245,0.359,109,238,0.45799999999999996,0.499,76,101,0.752,23,146,169,310,69,6,105,150,558
Tim Duncan,C,30,SAS,80,80,2726,618,1131,0.546,1,9,0.111,617,1122,0.55,0.547,362,568,0.637,213,633,846,273,66,190,224,203,1599
Mike Dunleavy,SG-PF,26,TOT,82,49,2580,384,850,0.452,70,224,0.313,314,626,0.502,0.493,211,269,0.784,84,347,431,228,84,22,149,203,1049
Ronald Dupree,SF,26,DET,19,0,94,11,31,0.355,0,0,0.0,11,31,0.355,0.355,3,9,0.33299999999999996,5,12,17,5,5,1,3,12,25
Monta Ellis,SG,21,GSW,77,53,2638,480,1010,0.475,39,143,0.273,441,867,0.509,0.495,273,358,0.763,62,181,243,319,132,21,221,210,1272
Francisco Elson,C,30,SAS,70,41,1332,144,282,0.511,0,2,0.0,144,280,0.514,0.511,62,80,0.775,81,255,336,55,31,59,86,184,350
Melvin Ely,PF-C,28,TOT,30,0,309,29,80,0.363,0,0,0.0,29,80,0.363,0.363,31,47,0.66,15,38,53,18,6,8,28,51,89
Maurice Evans,SG,28,LAL,76,10,1732,234,542,0.43200000000000005,48,133,0.361,186,409,0.455,0.47600000000000003,122,155,0.787,93,128,221,74,38,14,57,126,638
Reggie Evans,PF,26,DEN,66,11,1127,117,215,0.544,0,0,0.0,117,215,0.544,0.544,91,183,0.49700000000000005,156,304,460,45,42,16,95,144,325
Daniel Ewing,PG,23,LAC,61,3,712,65,161,0.40399999999999997,14,44,0.318,51,117,0.436,0.447,35,45,0.778,9,64,73,90,32,4,50,62,179
Jordan Farmar,PG,20,LAL,72,2,1090,124,294,0.42200000000000004,45,137,0.32799999999999996,79,157,0.503,0.498,27,38,0.711,22,97,119,137,44,7,73,77,320
Desmon Farmer,SG,25,SEA,8,0,32,5,15,0.33299999999999996,2,8,0.25,3,7,0.429,0.4,1,1,1.0,0,1,1,9,1,0,1,2,13
Raymond Felton,PG,22,CHA,78,75,2832,393,1024,0.384,103,312,0.33,290,712,0.40700000000000003,0.434,204,256,0.797,51,216,267,545,118,10,230,180,1093
Michael Finley,SF,33,SAS,82,16,1823,273,663,0.41200000000000003,104,286,0.364,169,377,0.44799999999999995,0.49,90,98,0.9179999999999999,34,189,223,108,32,16,46,76,740
Derek Fisher,SG,32,UTA,82,61,2287,258,675,0.382,48,156,0.308,210,519,0.405,0.418,262,307,0.853,30,119,149,274,83,6,120,234,826
T.J. Ford,PG,23,TOR,75,71,2243,393,902,0.436,21,69,0.304,372,833,0.447,0.447,240,293,0.8190000000000001,53,183,236,595,101,8,231,186,1047
Danny Fortson,C,30,SEA,14,6,158,15,30,0.5,0,1,0.0,15,29,0.517,0.5,10,13,0.769,13,30,43,1,1,0,15,38,40
Jeff Foster,C,30,IND,75,43,1740,122,260,0.469,0,1,0.0,122,259,0.47100000000000003,0.469,78,122,0.639,253,356,609,57,62,37,70,202,322
Randy Foye,PG,23,MIN,82,12,1879,300,691,0.434,68,185,0.368,232,506,0.45799999999999996,0.483,164,192,0.8540000000000001,49,169,218,232,53,21,152,184,832
Adonal Foyle,C,31,GSW,48,6,475,48,85,0.565,0,0,0.0,48,85,0.565,0.565,11,25,0.44,51,75,126,19,11,50,23,61,107
Steve Francis,SG,29,NYK,44,30,1237,140,343,0.408,42,111,0.37799999999999995,98,232,0.42200000000000004,0.469,175,211,0.8290000000000001,33,124,157,170,41,12,100,126,497
Matt Freije,PF,25,ATL,19,0,147,16,54,0.29600000000000004,3,22,0.136,13,32,0.406,0.324,5,6,0.833,8,16,24,7,3,1,3,13,40
Channing Frye,PF,23,NYK,72,59,1896,298,689,0.433,3,18,0.16699999999999998,295,671,0.44,0.435,85,108,0.787,91,304,395,67,36,42,100,216,684
Dan Gadzuric,C,28,MIL,54,8,840,108,228,0.474,0,1,0.0,108,227,0.47600000000000003,0.474,42,90,0.467,94,152,246,29,22,32,49,141,258
Jorge Garbajosa,PF,29,TOR,67,60,1909,222,529,0.42,66,193,0.342,156,336,0.46399999999999997,0.48200000000000004,57,78,0.731,48,282,330,125,78,15,64,90,567
Francisco García,SF,25,SAC,79,5,1410,163,380,0.429,53,149,0.35600000000000004,110,231,0.47600000000000003,0.499,95,114,0.833,53,152,205,87,45,43,70,190,474
Kevin Garnett,PF,30,MIN,76,76,2995,638,1341,0.47600000000000003,12,56,0.214,626,1285,0.48700000000000004,0.48,416,498,0.835,183,792,975,313,89,126,205,184,1704
Pat Garrity,PF,30,ORL,33,0,277,22,70,0.314,11,32,0.344,11,38,0.289,0.39299999999999996,16,18,0.889,12,30,42,14,7,0,14,37,71
Pau Gasol,C,26,MEM,59,59,2133,462,858,0.5379999999999999,3,11,0.273,459,847,0.542,0.54,299,400,0.748,149,432,581,201,29,126,162,137,1226
Rudy Gay,SF,20,MEM,78,43,2103,321,760,0.42200000000000004,52,143,0.364,269,617,0.436,0.457,152,209,0.727,93,255,348,100,71,74,140,192,846
Mickaël Gelabale,SF,23,SEA,70,14,1239,122,264,0.462,11,47,0.23399999999999999,111,217,0.512,0.483,66,82,0.805,59,114,173,56,24,22,49,108,321
Devean George,SF,29,DAL,60,17,1283,146,370,0.395,53,150,0.353,93,220,0.423,0.466,36,48,0.75,57,156,213,33,46,23,51,143,381
Daniel Gibson,PG,20,CLE,60,16,988,98,231,0.424,52,124,0.419,46,107,0.43,0.537,28,39,0.718,28,64,92,69,23,8,44,94,276
Manu Ginóbili,SG,29,SAS,75,36,2060,396,854,0.46399999999999997,128,323,0.396,268,531,0.505,0.539,320,372,0.86,59,268,327,263,109,27,157,155,1240
Gordan Giriček,SG,29,UTA,61,6,1188,176,381,0.462,52,122,0.426,124,259,0.479,0.53,71,87,0.816,24,105,129,63,28,5,64,122,475
Andreas Glyniadakis,C,25,SEA,13,4,81,8,17,0.47100000000000003,0,0,0.0,8,17,0.47100000000000003,0.47100000000000003,1,2,0.5,2,6,8,1,0,0,9,19,17
Ryan Gomes,PF,24,BOS,73,60,2275,338,723,0.467,16,42,0.381,322,681,0.473,0.479,189,233,0.8109999999999999,125,282,407,119,48,13,105,169,881
Drew Gooden,PF,25,CLE,80,80,2238,371,784,0.473,1,6,0.16699999999999998,370,778,0.47600000000000003,0.474,142,199,0.7140000000000001,263,418,681,88,70,28,115,210,885
Ben Gordon,SG,23,CHI,82,51,2704,609,1338,0.455,155,375,0.413,454,963,0.47100000000000003,0.513,380,440,0.8640000000000001,35,223,258,296,64,17,249,252,1753
Joey Graham,SF,24,TOR,79,21,1319,192,388,0.495,9,31,0.29,183,357,0.513,0.506,110,131,0.84,55,193,248,44,30,4,49,161,503
Stephen Graham,SG,24,POR,14,1,165,17,40,0.425,3,11,0.273,14,29,0.483,0.46299999999999997,8,9,0.889,6,15,21,5,4,1,13,25,45
Danny Granger,SF,23,IND,82,57,2785,398,868,0.45899999999999996,110,288,0.382,288,580,0.49700000000000005,0.522,236,294,0.8029999999999999,114,267,381,114,67,61,135,245,1142
Gerald Green,SF,21,BOS,81,26,1780,310,739,0.419,95,258,0.368,215,481,0.447,0.484,128,159,0.805,68,140,208,83,41,24,120,198,843
Willie Green,SG,25,PHI,74,36,1842,357,868,0.41100000000000003,51,157,0.325,306,711,0.43,0.441,74,111,0.667,42,116,158,112,56,4,106,144,839
Orien Greene,SG,24,IND,41,0,254,23,62,0.371,2,11,0.182,21,51,0.41200000000000003,0.387,15,25,0.6,12,32,44,22,17,4,28,38,63
Lynn Greer,SG,27,MIL,41,0,432,61,141,0.433,18,52,0.34600000000000003,43,89,0.483,0.496,27,32,0.8440000000000001,2,25,27,53,17,1,18,32,167
Adrian Griffin,SF,32,CHI,54,1,585,61,129,0.473,0,6,0.0,61,123,0.496,0.473,15,19,0.789,40,69,109,59,32,4,38,78,137
Eddie Griffin,PF,24,MIN,13,0,92,7,27,0.259,0,1,0.0,7,26,0.26899999999999996,0.259,4,5,0.8,7,18,25,4,0,7,6,8,18
Mike Hall,SF,22,WAS,2,0,13,1,4,0.25,0,0,0.0,1,4,0.25,0.25,0,0,0.0,1,1,2,1,0,0,0,1,2
Richard Hamilton,SG,28,DET,75,75,2763,547,1170,0.46799999999999997,44,129,0.341,503,1041,0.483,0.486,347,403,0.861,75,207,282,285,59,15,159,232,1485
Matt Harpring,SF,30,UTA,77,2,1965,322,656,0.491,13,39,0.33299999999999996,309,617,0.501,0.501,237,309,0.767,117,236,353,99,52,11,118,232,894
Al Harrington,PF,26,TOT,78,78,2563,495,1083,0.457,127,293,0.433,368,790,0.466,0.516,168,242,0.6940000000000001,151,345,496,149,65,24,169,269,1285
Junior Harrington,PG,26,MEM,29,8,543,57,137,0.41600000000000004,7,26,0.26899999999999996,50,111,0.45,0.442,31,46,0.674,12,56,68,89,21,5,52,79,152
Othella Harrington,PF,33,CHA,26,0,220,25,56,0.446,0,0,0.0,25,56,0.446,0.446,17,22,0.773,13,25,38,6,1,1,15,49,67
Devin Harris,PG,23,DAL,80,61,2081,292,593,0.49200000000000005,14,50,0.28,278,543,0.512,0.504,215,261,0.8240000000000001,45,151,196,296,96,21,146,242,813
David Harrison,C,24,IND,24,2,190,30,58,0.517,0,0,0.0,30,58,0.517,0.517,11,22,0.5,9,33,42,6,5,12,26,47,71
Jason Hart,PG,28,TOT,36,22,846,100,224,0.446,7,29,0.24100000000000002,93,195,0.47700000000000004,0.462,42,47,0.894,14,84,98,103,44,1,38,83,249
Udonis Haslem,PF,26,MIA,79,79,2483,353,717,0.49200000000000005,0,4,0.0,353,713,0.495,0.49200000000000005,138,203,0.68,188,466,654,97,49,26,110,236,844
Trenton Hassell,SG,27,MIN,76,68,2223,217,443,0.49,6,25,0.24,211,418,0.505,0.49700000000000005,72,92,0.7829999999999999,83,160,243,203,22,26,80,144,512
Chuck Hayes,PF,23,HOU,78,43,1714,192,335,0.573,0,0,0.0,192,335,0.573,0.573,55,89,0.618,204,317,521,47,70,18,64,281,439
Jarvis Hayes,SF,25,WAS,81,17,1626,224,546,0.41,66,183,0.361,158,363,0.435,0.47100000000000003,71,84,0.845,42,168,210,80,48,13,56,160,585
Brendan Haywood,C,27,WAS,77,49,1740,198,355,0.5579999999999999,0,0,0.0,198,355,0.5579999999999999,0.5579999999999999,115,210,0.5479999999999999,195,282,477,47,34,88,90,208,511
Luther Head,SG,24,HOU,80,10,2211,306,700,0.43700000000000006,177,401,0.441,129,299,0.431,0.564,83,105,0.79,31,221,252,194,76,5,137,133,872
Alan Henderson,PF,34,PHI,38,5,418,43,67,0.642,0,0,0.0,43,67,0.642,0.642,33,47,0.7020000000000001,48,59,107,10,9,12,12,62,119
Walter Herrmann,PF,27,CHA,48,12,936,174,330,0.527,53,115,0.461,121,215,0.563,0.608,41,53,0.774,28,111,139,26,17,7,32,76,442
Nenê Hilário,C,24,DEN,64,42,1715,294,516,0.57,0,1,0.0,294,515,0.5710000000000001,0.57,195,283,0.6890000000000001,150,299,449,77,62,59,127,209,783
Grant Hill*,SG,34,ORL,65,64,2009,342,660,0.518,2,12,0.16699999999999998,340,648,0.525,0.52,248,324,0.765,53,184,237,138,61,25,144,146,934
Kirk Hinrich,PG,26,CHI,80,80,2839,475,1061,0.44799999999999995,140,337,0.415,335,724,0.46299999999999997,0.514,237,284,0.835,32,242,274,500,100,23,191,274,1327
Robert Hite,SG,23,MIA,12,0,136,19,60,0.317,5,23,0.217,14,37,0.37799999999999995,0.358,8,12,0.667,4,12,16,8,3,2,6,8,51
Julius Hodge,SG,23,TOT,9,1,65,6,12,0.5,0,0,0.0,6,12,0.5,0.5,3,4,0.75,2,6,8,12,4,0,3,6,15
Ryan Hollins,C,22,CHA,27,0,185,20,36,0.556,0,0,0.0,20,36,0.556,0.556,24,40,0.6,11,20,31,1,4,7,16,40,64
Robert Horry,PF,36,SAS,68,8,1124,90,251,0.359,50,149,0.336,40,102,0.392,0.45799999999999996,38,64,0.594,73,156,229,77,45,41,44,105,268
Eddie House,SG,28,NJN,56,1,946,180,421,0.428,75,175,0.429,105,246,0.42700000000000005,0.517,33,36,0.917,14,78,92,67,27,3,27,69,468
Dwight Howard,C,21,ORL,82,82,3023,526,873,0.603,1,2,0.5,525,871,0.603,0.603,390,666,0.586,283,725,1008,158,70,156,317,245,1443
Josh Howard,SF,26,DAL,70,69,2455,493,1075,0.45899999999999996,92,239,0.385,401,836,0.48,0.501,243,294,0.8270000000000001,130,345,475,127,82,56,123,180,1321
Juwan Howard,PF,33,HOU,80,38,2123,309,665,0.465,0,0,0.0,309,665,0.465,0.465,155,188,0.8240000000000001,138,332,470,131,29,8,112,205,773
Troy Hudson,PG,30,MIN,34,6,554,74,195,0.379,28,80,0.35,46,115,0.4,0.451,26,32,0.813,8,40,48,73,14,2,40,23,202
Larry Hughes,SG,28,CLE,70,68,2596,381,953,0.4,74,222,0.33299999999999996,307,731,0.42,0.439,209,309,0.6759999999999999,41,226,267,256,89,26,154,164,1045
Kris Humphries,PF,21,TOR,60,2,670,87,185,0.47,0,0,0.0,87,185,0.47,0.47,53,79,0.6709999999999999,78,109,187,18,14,21,32,98,227
Lindsey Hunter,PG,36,DET,52,0,745,94,244,0.385,38,119,0.319,56,125,0.44799999999999995,0.46299999999999997,30,33,0.909,9,38,47,93,34,7,35,56,256
Steven Hunter,PF,25,PHI,70,41,1605,188,326,0.5770000000000001,0,0,0.0,188,326,0.5770000000000001,0.5770000000000001,74,151,0.49,114,221,335,26,13,76,65,137,450
Andre Iguodala,SG,23,PHI,76,76,3062,443,991,0.447,48,155,0.31,395,836,0.47200000000000003,0.47100000000000003,452,551,0.82,77,357,434,432,152,33,261,200,1386
Zydrunas Ilgauskas,C,31,CLE,78,78,2130,385,793,0.485,0,1,0.0,385,792,0.486,0.485,155,192,0.807,242,357,599,123,48,98,141,257,925
Mile Ilić,C,22,NJN,5,0,6,0,3,0.0,0,0,0.0,0,3,0.0,0.0,0,0,0.0,0,1,1,0,0,0,3,1,0
Didier Ilunga-Mbenga,C,26,DAL,21,0,79,5,16,0.313,0,0,0.0,5,16,0.313,0.313,7,8,0.875,3,8,11,6,3,5,5,17,17
Ersan İlyasova,PF,19,MIL,66,14,973,139,363,0.38299999999999995,54,148,0.365,85,215,0.395,0.457,70,89,0.787,58,131,189,49,27,17,51,147,402
Allen Iverson*,SG-PG,31,TOT,65,64,2761,581,1313,0.442,62,197,0.315,519,1116,0.465,0.466,485,610,0.795,23,170,193,468,123,13,268,95,1709
Royal Ivey,PG,25,ATL,53,18,539,64,143,0.44799999999999995,5,16,0.313,59,127,0.465,0.465,24,35,0.6859999999999999,15,36,51,45,24,4,31,62,157
Jarrett Jack,PG,23,POR,79,79,2651,320,705,0.45399999999999996,63,180,0.35,257,525,0.49,0.499,243,279,0.871,18,190,208,417,86,9,187,202,946
Bobby Jackson,SG,33,NOK,56,2,1330,204,518,0.39399999999999996,54,165,0.327,150,353,0.425,0.446,130,168,0.774,42,136,178,141,50,6,78,98,592
Luke Jackson,SF,25,TOT,13,2,138,19,43,0.442,5,17,0.294,14,26,0.5379999999999999,0.5,5,9,0.556,2,8,10,13,5,1,7,15,48
Marc Jackson,PF,32,NOK,56,25,1025,159,388,0.41,0,1,0.0,159,387,0.41100000000000003,0.41,90,103,0.8740000000000001,62,130,192,58,21,7,65,89,408
Stephen Jackson,SF-SG,28,TOT,75,69,2479,409,944,0.433,100,311,0.322,309,633,0.488,0.486,243,299,0.813,61,161,222,287,84,34,183,200,1161
Jerome James,C,31,NYK,41,11,273,33,79,0.418,0,0,0.0,33,79,0.418,0.418,10,18,0.556,21,45,66,3,6,15,23,73,76
LeBron James,SF,22,CLE,78,78,3190,772,1621,0.47600000000000003,99,310,0.319,673,1311,0.513,0.507,489,701,0.698,83,443,526,470,125,55,250,171,2132
Mike James,PG,31,MIN,82,65,2069,297,703,0.42200000000000004,80,215,0.37200000000000005,217,488,0.445,0.479,154,184,0.8370000000000001,25,138,163,297,55,7,129,171,828
Antawn Jamison,PF,30,WAS,70,70,2662,512,1139,0.45,138,379,0.364,374,760,0.49200000000000005,0.51,226,307,0.736,134,428,562,136,80,36,104,194,1388
Marko Jarić,SG,28,MIN,70,13,1555,136,325,0.418,32,85,0.376,104,240,0.433,0.46799999999999997,67,88,0.7609999999999999,54,130,184,145,75,16,88,172,371
Šarūnas Jasikevičius,SG-PG,30,TOT,63,3,973,128,322,0.39799999999999996,44,130,0.33799999999999997,84,192,0.43799999999999994,0.466,86,95,0.905,15,54,69,172,26,1,90,75,386
Al Jefferson,C,22,BOS,69,60,2319,453,882,0.514,0,1,0.0,453,881,0.514,0.514,201,295,0.6809999999999999,237,519,756,88,48,106,136,232,1107
Richard Jefferson,SF,26,NJN,55,53,1956,303,665,0.456,52,145,0.359,251,520,0.483,0.495,239,326,0.733,48,192,240,148,34,8,120,123,897
Jared Jeffries,SF,25,NYK,55,43,1307,95,206,0.461,2,20,0.1,93,186,0.5,0.466,31,68,0.456,111,127,238,67,44,30,61,150,223
Alexander Johnson,PF,23,MEM,59,19,753,91,169,0.5379999999999999,0,0,0.0,91,169,0.5379999999999999,0.5379999999999999,78,118,0.6609999999999999,50,131,181,17,25,35,47,137,260
Amir Johnson,PF,19,DET,8,0,124,18,33,0.545,0,3,0.0,18,30,0.6,0.545,11,14,0.7859999999999999,15,22,37,3,5,13,9,19,47
Anthony Johnson,PG,32,TOT,67,17,1301,142,343,0.414,25,73,0.342,117,270,0.433,0.45,46,61,0.754,22,79,101,201,33,3,76,119,355
DerMarr Johnson,SF,26,DEN,39,7,419,50,154,0.325,19,88,0.21600000000000003,31,66,0.47,0.386,16,21,0.762,10,47,57,17,16,12,27,39,135
Joe Johnson,SG,25,ATL,57,57,2359,536,1139,0.47100000000000003,119,312,0.381,417,827,0.504,0.523,235,314,0.748,53,186,239,249,60,11,176,115,1426
Linton Johnson,PF,26,NOK,54,0,720,93,190,0.489,10,30,0.33299999999999996,83,160,0.519,0.516,30,37,0.8109999999999999,52,111,163,18,33,18,27,101,226
Bobby Jones,SF,23,PHI,44,5,336,43,93,0.462,1,9,0.111,42,84,0.5,0.46799999999999997,23,41,0.561,22,35,57,16,11,1,18,59,110
Dahntay Jones,SG,26,MEM,78,25,1671,220,461,0.47700000000000004,5,12,0.41700000000000004,215,449,0.479,0.483,138,174,0.7929999999999999,47,106,153,68,39,22,92,192,583
Damon Jones,PG,30,CLE,60,0,1173,137,355,0.386,89,231,0.385,48,124,0.387,0.511,30,44,0.682,9,57,66,94,16,2,36,53,393
Dwayne Jones,PF,23,CLE,4,0,18,0,1,0.0,0,0,0.0,0,1,0.0,0.0,3,6,0.5,1,5,6,0,0,0,2,3,3
Eddie Jones,SG,35,TOT,64,41,1594,178,422,0.42200000000000004,78,222,0.35100000000000003,100,200,0.5,0.514,59,75,0.787,31,159,190,109,68,10,47,124,493
Fred Jones,SG,27,TOT,63,12,1319,139,361,0.385,39,128,0.305,100,233,0.429,0.439,95,114,0.833,23,92,115,108,48,16,67,121,412
James Jones,SF,26,PHO,76,7,1376,162,440,0.368,90,238,0.37799999999999995,72,202,0.35600000000000004,0.47,71,81,0.877,33,143,176,45,28,42,28,115,485
Jumaine Jones,SF,27,PHO,18,0,138,14,51,0.275,10,32,0.313,4,19,0.21100000000000002,0.373,2,2,1.0,6,17,23,1,5,1,7,19,40
Solomon Jones,PF,22,ATL,58,8,666,65,128,0.508,0,1,0.0,65,127,0.512,0.508,59,75,0.787,49,87,136,11,11,42,25,124,189
Chris Kaman,C,24,LAC,75,66,2176,294,652,0.451,0,1,0.0,294,651,0.452,0.451,166,224,0.741,160,428,588,79,41,116,147,251,754
Jason Kapono,SF,25,MIA,67,35,1767,278,563,0.494,108,210,0.514,170,353,0.48200000000000004,0.59,66,74,0.892,26,154,180,81,38,2,70,135,730
Viktor Khryapa,PF,24,CHI,33,0,231,27,70,0.386,0,6,0.0,27,64,0.42200000000000004,0.386,19,26,0.731,20,37,57,21,10,1,16,53,73
Jason Kidd*,PG,33,NJN,80,80,2933,369,908,0.406,124,361,0.34299999999999997,245,547,0.44799999999999995,0.475,179,230,0.778,135,520,655,736,127,23,213,146,1041
Tarence Kinsey,SG,22,MEM,48,12,967,139,304,0.457,13,46,0.28300000000000003,126,258,0.488,0.479,78,98,0.7959999999999999,29,68,97,41,53,1,46,57,369
Andrei Kirilenko,SF,25,UTA,70,70,2049,197,418,0.47100000000000003,16,75,0.213,181,343,0.528,0.49,174,239,0.728,88,241,329,202,74,144,135,172,584
Linas Kleiza,PF,22,DEN,79,14,1488,200,474,0.42200000000000004,83,221,0.376,117,253,0.462,0.509,115,135,0.852,77,189,266,45,28,14,79,200,598
Brevin Knight,PG,31,CHA,45,25,1273,152,363,0.419,1,18,0.055999999999999994,151,345,0.43799999999999994,0.42,103,128,0.805,14,101,115,296,67,3,95,113,408
Yaroslav Korolev,SF,19,LAC,10,0,41,4,16,0.25,1,5,0.2,3,11,0.273,0.281,3,6,0.5,1,2,3,4,3,0,1,0,12
Kyle Korver,SF,25,PHI,74,1,2288,372,845,0.44,132,307,0.43,240,538,0.446,0.518,191,209,0.914,30,229,259,105,57,20,117,188,1067
Nenad Krstić,C,23,NJN,26,26,848,170,323,0.526,0,1,0.0,170,322,0.528,0.526,86,121,0.711,51,125,176,46,10,24,52,88,426
Raef LaFrentz,PF,30,POR,27,9,352,39,102,0.382,2,23,0.087,37,79,0.46799999999999997,0.392,20,26,0.769,25,45,70,8,7,11,13,57,100
James Lang,C,23,WAS,11,0,55,4,9,0.444,0,0,0.0,4,9,0.444,0.444,3,5,0.6,5,6,11,2,0,3,2,14,11
David Lee,PF,23,NYK,58,12,1731,240,400,0.6,0,0,0.0,240,400,0.6,0.6,141,173,0.815,196,406,602,104,48,23,92,155,621
Rashard Lewis,SF,27,SEA,60,60,2348,463,1005,0.461,151,387,0.39,312,618,0.505,0.536,265,315,0.841,91,305,396,145,68,39,118,143,1342
Randy Livingston,PG,31,SEA,4,0,26,0,3,0.0,0,0,0.0,0,3,0.0,0.0,0,0,0.0,1,0,1,4,0,0,1,2,0
Shaun Livingston,PG,21,LAC,54,31,1611,208,449,0.46299999999999997,5,16,0.313,203,433,0.469,0.469,82,116,0.7070000000000001,56,128,184,274,59,29,108,135,503
Kyle Lowry,PG,20,MEM,10,0,175,14,38,0.368,3,8,0.375,11,30,0.36700000000000005,0.408,25,28,0.893,12,19,31,32,14,1,12,20,56
John Lucas III,PG,24,HOU,47,0,383,62,156,0.397,15,59,0.254,47,97,0.485,0.446,15,19,0.789,9,27,36,33,17,0,15,38,154
Tyronn Lue,PG,29,ATL,56,17,1488,218,524,0.41600000000000004,56,161,0.348,162,363,0.446,0.469,144,163,0.883,19,85,104,201,24,0,85,101,636
Mark Madsen,C,31,MIN,56,0,473,23,43,0.535,0,0,0.0,23,43,0.535,0.535,15,29,0.517,35,52,87,10,10,10,21,100,61
Corey Maggette,SF,27,LAC,75,31,2291,367,808,0.45399999999999996,13,65,0.2,354,743,0.47600000000000003,0.462,519,633,0.82,90,352,442,208,65,14,201,244,1266
Jamaal Magloire,C,28,POR,81,23,1703,199,395,0.504,0,0,0.0,199,395,0.504,0.504,131,242,0.541,151,341,492,30,21,66,129,226,529
Renaldo Major,PF,24,GSW,1,0,27,2,10,0.2,0,0,0.0,2,10,0.2,0.2,1,2,0.5,0,2,2,0,2,0,1,4,5
Stephon Marbury,PG,29,NYK,74,74,2748,395,952,0.415,123,345,0.35700000000000004,272,607,0.44799999999999995,0.48,297,386,0.769,36,177,213,403,71,10,179,185,1210
Shawn Marion,SF,28,PHO,80,80,3010,561,1071,0.524,80,252,0.317,481,819,0.5870000000000001,0.561,201,248,0.81,172,613,785,134,156,122,114,216,1403
Damir Markota,PF,21,MIL,30,0,170,19,52,0.365,6,16,0.375,13,36,0.361,0.423,7,11,0.636,11,20,31,6,3,1,15,22,51
Sean Marks,PF,31,PHO,3,0,17,2,6,0.33299999999999996,0,1,0.0,2,5,0.4,0.33299999999999996,2,2,1.0,0,3,3,0,0,1,0,4,6
Donyell Marshall,PF,33,CLE,81,0,1360,209,493,0.424,95,271,0.35100000000000003,114,222,0.514,0.52,53,80,0.6629999999999999,86,237,323,46,39,43,67,130,566
Rawle Marshall,SG,24,IND,40,2,361,32,89,0.36,4,18,0.222,28,71,0.39399999999999996,0.382,31,45,0.6890000000000001,8,21,29,13,12,5,19,22,99
Darrick Martin,PG,35,TOR,31,0,220,33,94,0.35100000000000003,13,37,0.35100000000000003,20,57,0.35100000000000003,0.42,15,21,0.7140000000000001,2,10,12,43,3,0,12,22,94
Kenyon Martin,PF,29,DEN,2,2,63,8,16,0.5,0,1,0.0,8,15,0.5329999999999999,0.5,3,12,0.25,6,14,20,1,0,0,5,10,19
Kevin Martin,SG,23,SAC,80,80,2818,505,1067,0.473,127,333,0.381,378,734,0.515,0.5329999999999999,481,570,0.8440000000000001,69,273,342,173,98,11,135,181,1618
Desmond Mason,SF,29,NOK,75,75,2575,407,900,0.452,0,0,0.0,407,900,0.452,0.452,214,323,0.6629999999999999,124,221,345,115,52,22,192,174,1028
Roger Mason,SG,26,WAS,62,0,492,59,179,0.33,33,102,0.324,26,77,0.33799999999999997,0.42200000000000004,14,16,0.875,7,38,45,35,13,6,19,66,165
Jason Maxiell,C,23,DET,67,8,943,131,262,0.5,0,0,0.0,131,262,0.5,0.5,72,137,0.526,88,98,186,14,30,60,53,110,334
Sean May,PF,22,CHA,35,8,838,164,328,0.5,2,3,0.667,162,325,0.498,0.503,86,112,0.768,73,160,233,66,19,24,56,100,416
Rashad McCants,SG,22,MIN,37,0,554,62,177,0.35,20,75,0.267,42,102,0.41200000000000003,0.40700000000000003,40,58,0.69,14,33,47,38,26,7,40,71,184
Chris McCray,SG,22,MIL,5,0,12,0,3,0.0,0,0,0.0,0,3,0.0,0.0,0,0,0.0,0,0,0,0,0,0,2,1,0
Antonio McDyess,PF,32,DET,82,3,1729,284,540,0.526,0,0,0.0,284,540,0.526,0.526,96,139,0.691,165,331,496,72,61,65,75,240,664
Ivan McFarlin,PF,24,PHI,11,0,41,5,13,0.385,0,1,0.0,5,12,0.41700000000000004,0.385,5,7,0.7140000000000001,7,4,11,1,0,0,1,8,15
Tracy McGrady*,SG,27,HOU,71,71,2539,638,1480,0.431,126,381,0.331,512,1099,0.466,0.474,345,488,0.7070000000000001,56,322,378,458,92,36,213,136,1747
Jeff McInnis,PG,32,CHA,38,3,702,71,181,0.392,1,8,0.125,70,173,0.405,0.395,22,32,0.688,14,48,62,124,14,0,42,72,165
Aaron McKie,SF,34,LAL,10,0,131,11,17,0.647,0,0,0.0,11,17,0.647,0.647,0,0,0.0,1,17,18,13,4,0,8,14,22
Keith McLeod,PG,27,TOT,48,9,718,73,188,0.38799999999999996,16,45,0.35600000000000004,57,143,0.39899999999999997,0.431,69,78,0.885,4,39,43,90,24,5,46,51,231
Stanislav Medvedenko,C,27,ATL,14,0,81,12,29,0.414,1,2,0.5,11,27,0.40700000000000003,0.431,17,20,0.85,4,10,14,2,0,2,5,16,42
Pops Mensah-Bonsu,PF,23,DAL,12,0,71,11,17,0.647,0,0,0.0,11,17,0.647,0.647,7,18,0.389,9,12,21,0,1,0,9,8,29
C.J. Miles,SG,19,UTA,37,13,373,40,116,0.345,7,32,0.21899999999999997,33,84,0.39299999999999996,0.375,14,23,0.609,11,24,35,25,11,4,28,60,101
Darko Miličić,PF,21,ORL,80,16,1913,249,548,0.45399999999999996,0,1,0.0,249,547,0.455,0.45399999999999996,141,230,0.613,145,292,437,90,44,140,124,219,639
Andre Miller,PG,30,TOT,80,79,2966,424,909,0.466,5,35,0.14300000000000002,419,874,0.479,0.469,222,283,0.784,97,255,352,625,110,10,222,184,1075
Brad Miller,C,30,SAC,63,56,1783,224,494,0.45299999999999996,5,33,0.152,219,461,0.475,0.45899999999999996,115,149,0.772,79,322,401,224,38,39,108,155,568
Mike Miller,SG,26,MEM,70,69,2740,465,1010,0.46,202,498,0.406,263,512,0.514,0.56,161,203,0.7929999999999999,52,326,378,298,54,18,179,138,1293
Paul Millsap,PF,21,UTA,82,1,1472,209,398,0.525,1,3,0.33299999999999996,208,395,0.527,0.526,140,208,0.6729999999999999,183,240,423,62,67,74,94,236,559
Yao Ming*,C,26,HOU,48,48,1624,423,819,0.516,0,2,0.0,423,817,0.518,0.516,356,413,0.862,101,351,452,94,17,94,167,159,1202
Cuttino Mobley,SG,31,LAC,78,73,2841,388,882,0.44,101,246,0.41100000000000003,287,636,0.451,0.49700000000000005,200,239,0.8370000000000001,52,215,267,198,92,24,145,186,1077
Nazr Mohammed,C,29,DET,51,33,773,118,222,0.532,0,0,0.0,118,222,0.532,0.532,50,82,0.61,89,140,229,9,27,40,43,133,286
Mikki Moore,C,31,NJN,79,55,2082,308,506,0.609,0,1,0.0,308,505,0.61,0.609,160,235,0.6809999999999999,145,258,403,74,46,60,113,261,776
Randolph Morris,C,21,NYK,5,0,44,1,6,0.16699999999999998,0,0,0.0,1,6,0.16699999999999998,0.16699999999999998,2,6,0.33299999999999996,1,8,9,1,2,1,2,4,4
Adam Morrison,PF,22,CHA,78,23,2326,355,944,0.376,87,258,0.337,268,686,0.391,0.42200000000000004,120,169,0.71,54,176,230,163,28,6,130,179,917
Alonzo Mourning*,C,36,MIA,77,43,1572,238,425,0.56,0,0,0.0,238,425,0.56,0.56,185,308,0.601,126,224,350,18,13,178,129,219,661
Troy Murphy,PF,26,TOT,68,48,1852,266,581,0.45799999999999996,58,147,0.395,208,434,0.479,0.508,108,145,0.745,100,314,414,126,46,42,78,196,698
Ronald Murray,SG,27,DET,69,18,1477,177,438,0.40399999999999997,24,83,0.289,153,355,0.431,0.43200000000000005,87,120,0.725,26,87,113,187,49,13,90,96,465
Dikembe Mutombo*,C,40,HOU,75,33,1289,85,153,0.556,0,0,0.0,85,153,0.556,0.556,60,87,0.69,164,324,488,13,22,76,38,156,230
Boštjan Nachbar,SF,26,NJN,76,1,1532,226,495,0.457,112,265,0.423,114,230,0.496,0.57,132,164,0.805,27,226,253,61,30,26,69,183,696
Eduardo Nájera,PF,30,DEN,75,36,1658,204,354,0.5760000000000001,1,12,0.083,203,342,0.594,0.578,88,123,0.715,131,179,310,64,73,26,56,207,497
Steve Nash*,PG,32,PHO,76,76,2682,517,971,0.532,156,343,0.455,361,628,0.575,0.613,222,247,0.899,30,239,269,884,57,6,287,117,1412
Jameer Nelson,PG,24,ORL,77,77,2331,376,875,0.43,65,194,0.335,311,681,0.457,0.467,183,221,0.828,50,186,236,330,73,5,184,225,1000
Rasho Nesterović,C,30,TOR,80,73,1676,230,421,0.546,0,1,0.0,230,420,0.5479999999999999,0.546,34,50,0.68,115,245,360,74,37,84,56,193,494
Ira Newble,SF,32,CLE,15,1,129,16,37,0.43200000000000005,8,15,0.5329999999999999,8,22,0.364,0.541,6,10,0.6,13,17,30,2,6,0,3,17,46
Andrés Nocioni,PF,27,CHI,53,31,1406,273,584,0.467,80,209,0.38299999999999995,193,375,0.515,0.536,123,145,0.848,42,259,301,57,27,24,104,164,749
David Noel,PF,22,MIL,68,0,792,65,177,0.36700000000000005,17,53,0.321,48,124,0.387,0.415,37,43,0.86,42,81,123,65,25,9,40,77,184
Steve Novak,SF,23,HOU,35,1,191,18,50,0.36,13,39,0.33299999999999996,5,11,0.455,0.49,2,2,1.0,4,22,26,6,5,0,4,21,51
Dirk Nowitzki,PF,28,DAL,78,78,2820,673,1341,0.502,72,173,0.41600000000000004,601,1168,0.515,0.529,498,551,0.904,122,571,693,263,52,62,167,171,1916
Patrick O'Bryant,C,20,GSW,16,0,119,10,32,0.313,0,0,0.0,10,32,0.313,0.313,11,17,0.647,7,14,21,9,6,8,8,26,31
Jermaine O'Neal,C,28,IND,69,69,2459,498,1141,0.436,0,7,0.0,498,1134,0.439,0.436,343,447,0.767,153,508,661,167,50,182,203,232,1339
Shaquille O'Neal*,C,34,MIA,40,39,1135,283,479,0.591,0,0,0.0,283,479,0.591,0.591,124,294,0.42200000000000004,97,200,297,79,8,55,95,139,690
Fabricio Oberto,PF,31,SAS,79,33,1365,158,281,0.562,0,0,0.0,158,281,0.562,0.562,33,51,0.647,131,237,368,68,25,24,69,213,349
Lamar Odom,PF,27,LAL,56,56,2202,319,681,0.46799999999999997,54,182,0.297,265,499,0.531,0.508,198,283,0.7,102,445,547,270,53,32,163,182,890
Emeka Okafor,C,24,CHA,67,65,2329,394,740,0.532,0,0,0.0,394,740,0.532,0.532,175,295,0.593,258,499,757,80,57,172,111,210,963
Mehmet Okur,C,27,UTA,80,80,2664,490,1061,0.462,129,336,0.384,361,725,0.498,0.523,296,387,0.765,160,419,579,156,36,38,125,257,1405
Kevin Ollie,PG,34,PHI,53,23,919,81,187,0.433,0,2,0.0,81,185,0.43799999999999994,0.433,37,45,0.8220000000000001,8,66,74,130,21,1,47,76,199
Michael Olowokandi,C,31,BOS,24,0,234,19,46,0.413,0,0,0.0,19,46,0.413,0.413,2,3,0.667,14,34,48,5,8,13,17,48,40
Bo Outlaw,PF,35,ORL,41,0,460,34,51,0.667,0,0,0.0,34,51,0.667,0.667,13,22,0.591,47,59,106,16,17,6,21,57,81
Travis Outlaw,PF,22,POR,67,1,1532,246,567,0.434,10,37,0.27,236,530,0.445,0.44299999999999995,143,181,0.79,65,152,217,52,61,74,66,150,645
Zaza Pachulia,C,22,ATL,72,47,2026,291,614,0.474,0,1,0.0,291,613,0.475,0.474,293,373,0.7859999999999999,199,301,500,106,77,36,162,267,875
Scott Padgett,PF,30,TOT,31,0,231,16,56,0.28600000000000003,8,33,0.242,8,23,0.348,0.35700000000000004,6,13,0.462,16,38,54,8,5,3,9,35,46
Jannero Pargo,PG,27,NOK,82,7,1710,283,692,0.409,81,209,0.38799999999999996,202,483,0.418,0.467,104,122,0.852,20,160,180,203,53,4,122,121,751
Anthony Parker,SG,31,TOR,73,73,2437,328,687,0.47700000000000004,115,261,0.441,213,426,0.5,0.561,132,158,0.835,60,223,283,153,73,11,71,135,903
Smush Parker,PG,25,LAL,82,80,2457,342,785,0.436,110,301,0.365,232,484,0.479,0.506,113,175,0.6459999999999999,45,161,206,228,119,10,153,211,907
Tony Parker,PG,24,SAS,77,77,2499,570,1096,0.52,15,38,0.395,555,1058,0.525,0.527,274,350,0.7829999999999999,34,216,250,420,82,6,191,137,1429
Ruben Patterson,SF,31,MIL,81,53,2508,475,867,0.5479999999999999,3,19,0.158,472,848,0.557,0.55,241,376,0.6409999999999999,190,250,440,232,110,25,199,232,1194
Chris Paul,PG,21,NOK,64,64,2353,381,871,0.43700000000000006,50,143,0.35,331,728,0.455,0.466,292,357,0.818,54,226,280,569,118,3,161,154,1104
Sasha Pavlović,SG,23,CLE,67,28,1534,222,490,0.45299999999999996,60,148,0.405,162,342,0.474,0.514,100,126,0.794,23,135,158,105,55,17,102,145,604
Gary Payton*,PG,38,MIA,68,28,1503,144,366,0.39299999999999996,32,123,0.26,112,243,0.461,0.43700000000000006,38,57,0.667,18,114,132,201,43,3,66,117,358
Kendrick Perkins,C,22,BOS,72,53,1576,132,269,0.491,0,3,0.0,132,266,0.496,0.491,60,100,0.6,113,259,372,94,23,96,113,214,324
Morris Peterson,SF,29,TOR,71,12,1515,222,517,0.429,106,295,0.359,116,222,0.523,0.532,84,123,0.6829999999999999,32,205,237,47,45,12,53,126,634
Johan Petro,C,21,SEA,81,13,1510,226,438,0.516,0,0,0.0,226,438,0.516,0.516,50,77,0.649,92,243,335,45,39,47,82,237,502
Eric Piatkowski,SG,36,PHO,11,0,73,9,25,0.36,7,18,0.389,2,7,0.28600000000000003,0.5,2,2,1.0,2,7,9,4,0,1,5,6,27
Paul Pierce,SG,29,BOS,47,46,1740,373,850,0.439,107,275,0.389,266,575,0.46299999999999997,0.502,320,402,0.7959999999999999,39,238,277,194,48,13,152,122,1173
Mickaël Piétrus,SF,24,GSW,72,38,1937,286,586,0.488,93,240,0.38799999999999996,193,346,0.5579999999999999,0.5670000000000001,136,210,0.648,81,246,327,62,48,55,105,220,801
Kevinn Pinkney,PF,23,BOS,6,0,100,12,27,0.444,1,2,0.5,11,25,0.44,0.46299999999999997,6,9,0.667,7,8,15,5,3,3,4,12,31
Scot Pollard,C,31,CLE,24,0,109,11,26,0.423,0,0,0.0,11,26,0.423,0.423,2,4,0.5,15,16,31,3,4,1,4,27,24
James Posey,SF,30,MIA,71,19,1919,186,432,0.431,97,259,0.375,89,173,0.514,0.5429999999999999,81,98,0.8270000000000001,66,291,357,94,71,23,55,193,550
Vitaly Potapenko,C,31,SAC,3,0,13,0,4,0.0,0,0,0.0,0,4,0.0,0.0,0,0,0.0,0,2,2,0,0,0,2,3,0
Leon Powe,C,23,BOS,63,2,720,79,177,0.446,0,2,0.0,79,175,0.451,0.446,106,144,0.736,97,118,215,10,14,22,47,104,264
Josh Powell,PF,24,TOT,37,0,353,43,93,0.462,0,0,0.0,43,93,0.462,0.462,30,42,0.7140000000000001,24,64,88,21,5,12,29,61,116
Roger Powell,SF,24,UTA,3,0,13,0,3,0.0,0,1,0.0,0,2,0.0,0.0,2,2,1.0,3,0,3,0,0,0,3,2,2
Ronnie Price,PG,23,SAC,58,1,563,67,172,0.39,21,65,0.32299999999999995,46,107,0.43,0.451,37,55,0.6729999999999999,15,56,71,48,28,4,33,64,192
Tayshaun Prince,SF,26,DET,82,82,3001,459,997,0.46,81,210,0.386,378,787,0.48,0.501,172,224,0.768,144,285,429,227,51,55,98,116,1171
Joel Przybilla,C,27,POR,43,43,701,37,78,0.474,0,0,0.0,37,78,0.474,0.474,10,27,0.37,59,109,168,12,10,67,40,124,84
Chris Quinn,PG,23,MIA,42,1,408,48,131,0.366,20,57,0.35100000000000003,28,74,0.37799999999999995,0.44299999999999995,25,37,0.6759999999999999,6,24,30,65,15,0,21,32,141
Vladimir Radmanović,PF,26,LAL,55,15,986,134,316,0.424,40,118,0.33899999999999997,94,198,0.475,0.48700000000000004,53,73,0.726,53,127,180,66,25,18,69,125,361
Shavlik Randolph,PF,23,PHI,13,6,179,23,48,0.479,0,0,0.0,23,48,0.479,0.479,12,22,0.545,19,35,54,4,7,10,9,23,58
Zach Randolph,PF,25,POR,68,67,2425,600,1286,0.467,14,48,0.292,586,1238,0.473,0.47200000000000003,394,481,0.8190000000000001,199,489,688,147,53,15,215,184,1608
Theo Ratliff,C,33,BOS,2,2,44,1,3,0.33299999999999996,0,0,0.0,1,3,0.33299999999999996,0.33299999999999996,3,4,0.75,2,5,7,0,1,3,1,6,5
Allan Ray,SG,22,BOS,47,5,710,100,259,0.386,48,116,0.414,52,143,0.364,0.479,42,55,0.764,18,51,69,43,20,3,42,85,290
Michael Redd,SF,27,MIL,53,53,2036,477,1025,0.465,117,306,0.382,360,719,0.501,0.522,345,416,0.8290000000000001,42,154,196,124,63,9,122,78,1416
J.J. Redick,PG,22,ORL,42,0,622,80,195,0.41,38,98,0.38799999999999996,42,97,0.433,0.508,54,60,0.9,10,42,52,36,12,0,21,52,252
Justin Reed,PF,25,MIN,41,3,318,40,107,0.374,0,0,0.0,40,107,0.374,0.374,26,30,0.867,15,31,46,17,5,3,22,44,106
Jared Reiner,C,24,MIL,27,2,244,15,43,0.349,0,0,0.0,15,43,0.349,0.349,3,10,0.3,21,50,71,13,5,6,14,45,33
Jason Richardson,SG,26,GSW,51,49,1675,306,734,0.41700000000000004,110,301,0.365,196,433,0.45299999999999996,0.49200000000000005,92,140,0.657,71,188,259,172,54,32,82,129,814
Jeremy Richardson,SG-SF,22,TOT,6,0,20,3,6,0.5,2,3,0.667,1,3,0.33299999999999996,0.667,0,0,0.0,1,1,2,0,1,0,1,2,8
Quentin Richardson,SF,26,NYK,49,47,1621,228,545,0.418,97,258,0.376,131,287,0.456,0.507,83,120,0.6920000000000001,65,287,352,108,36,7,70,133,636
Luke Ridnour,PG,25,SEA,71,58,2091,301,695,0.433,49,139,0.353,252,556,0.45299999999999996,0.46799999999999997,128,159,0.805,28,136,164,368,83,19,156,181,779
Anthony Roberson,PG,23,GSW,20,1,227,44,104,0.423,21,55,0.382,23,49,0.469,0.524,2,3,0.667,2,19,21,10,12,0,13,27,111
Lawrence Roberts,PF,24,MEM,54,18,969,94,208,0.452,0,2,0.0,94,206,0.456,0.452,95,131,0.725,101,160,261,30,36,13,36,133,283
Bernard Robinson,SG-SF,26,TOT,31,0,278,19,62,0.306,0,2,0.0,19,60,0.317,0.306,23,27,0.852,10,38,48,19,17,2,16,32,61
Clifford Robinson,C,40,NJN,50,1,955,81,218,0.37200000000000005,25,66,0.379,56,152,0.368,0.429,16,36,0.444,31,91,122,51,12,23,30,98,203
Nate Robinson,PG,22,NYK,64,5,1356,227,523,0.434,83,213,0.39,144,310,0.465,0.513,108,139,0.777,55,97,152,90,50,6,72,160,645
Sergio Rodríguez,PG,20,POR,67,1,862,101,239,0.423,24,85,0.282,77,154,0.5,0.473,21,26,0.8079999999999999,20,71,91,218,35,2,77,72,247
Rajon Rondo,PG,20,BOS,78,25,1831,188,450,0.418,6,29,0.207,182,421,0.43200000000000005,0.424,119,184,0.647,74,218,292,297,128,8,137,181,501
Jalen Rose,SF,34,PHO,29,0,246,38,86,0.442,21,47,0.447,17,39,0.436,0.564,11,12,0.917,3,20,23,16,5,2,9,22,108
Malik Rose,PF,32,NYK,65,2,810,74,186,0.39799999999999996,2,8,0.25,72,178,0.40399999999999997,0.40299999999999997,42,52,0.8079999999999999,47,128,175,65,26,9,65,120,192
Quinton Ross,SG,25,LAC,81,43,1700,177,379,0.467,2,10,0.2,175,369,0.474,0.47,68,87,0.782,60,130,190,86,70,32,33,179,424
Brandon Roy,SG,22,POR,57,55,2015,349,765,0.456,55,146,0.377,294,619,0.475,0.49200000000000005,202,241,0.838,58,192,250,230,67,10,116,139,955
Michael Ruffin,PF,30,WAS,30,0,271,5,18,0.278,0,0,0.0,5,18,0.278,0.278,7,19,0.368,35,27,62,6,6,8,12,43,17
John Salmons,SG,27,SAC,79,19,2135,236,517,0.456,40,112,0.35700000000000004,196,405,0.484,0.495,159,204,0.779,47,217,264,254,73,27,119,177,671
Jamal Sampson,C,23,DEN,22,3,125,9,14,0.643,0,1,0.0,9,13,0.6920000000000001,0.643,6,14,0.429,15,33,48,5,2,7,10,17,24
Brian Scalabrine,PF,28,BOS,54,17,1027,77,191,0.40299999999999997,44,110,0.4,33,81,0.40700000000000003,0.518,18,23,0.7829999999999999,24,81,105,59,23,18,44,130,216
Luke Schenscher,C,24,POR,11,0,118,7,23,0.304,0,0,0.0,7,23,0.304,0.304,5,7,0.7140000000000001,10,15,25,1,2,4,4,25,19
Thabo Sefolosha,SG,22,CHI,71,4,868,109,256,0.426,15,42,0.35700000000000004,94,214,0.439,0.455,23,45,0.511,35,118,153,60,33,11,60,100,256
Mouhamed Sene,C,20,SEA,28,3,169,18,49,0.36700000000000005,0,0,0.0,18,49,0.36700000000000005,0.36700000000000005,17,29,0.586,16,29,45,0,3,12,11,33,53
Wayne Simien,PF,23,MIA,8,0,93,9,23,0.391,0,0,0.0,9,23,0.391,0.391,5,7,0.7140000000000001,5,6,11,4,2,0,3,13,23
Cedric Simmons,PF,21,NOK,43,4,534,55,132,0.41700000000000004,0,0,0.0,55,132,0.41700000000000004,0.41700000000000004,16,33,0.485,44,63,107,12,8,23,22,75,126
James Singleton,PF,25,LAC,53,0,376,30,82,0.366,3,14,0.214,27,68,0.397,0.384,22,29,0.759,36,70,106,17,15,17,17,45,85
Brian Skinner,PF,30,MIL,67,44,1523,124,253,0.49,0,0,0.0,124,253,0.49,0.49,46,79,0.5820000000000001,106,279,385,58,18,64,75,195,294
Uroš Slokar,C,23,TOR,20,0,72,14,26,0.5379999999999999,1,2,0.5,13,24,0.542,0.5579999999999999,9,13,0.6920000000000001,7,7,14,1,1,2,9,11,38
Craig Smith,PF,23,MIN,82,5,1537,246,463,0.531,0,6,0.0,246,457,0.5379999999999999,0.531,116,186,0.624,149,267,416,49,51,18,74,223,608
J.R. Smith,SG,21,DEN,63,24,1471,284,644,0.441,149,382,0.39,135,262,0.515,0.557,102,126,0.81,30,113,143,91,49,9,85,147,819
Joe Smith,PF,31,TOT,65,11,1503,214,477,0.449,0,5,0.0,214,472,0.45299999999999996,0.449,125,148,0.845,120,280,400,49,37,27,76,148,553
Josh Smith,SF,21,ATL,72,72,2647,436,993,0.439,38,152,0.25,398,841,0.473,0.45799999999999996,268,387,0.693,165,456,621,236,101,207,227,241,1178
Steven Smith,PF,23,PHI,8,0,28,2,8,0.25,0,0,0.0,2,8,0.25,0.25,1,2,0.5,1,5,6,0,1,0,2,4,5
Eric Snow,PG,33,CLE,82,45,1929,135,324,0.41700000000000004,0,4,0.0,135,320,0.42200000000000004,0.41700000000000004,72,113,0.637,35,153,188,330,55,16,111,185,342
Kirk Snyder,SF,23,HOU,39,1,563,66,146,0.452,11,44,0.25,55,102,0.539,0.49,49,75,0.653,17,66,83,39,11,12,26,51,192
Darius Songaila,PF,28,WAS,37,1,700,118,225,0.524,0,2,0.0,118,223,0.529,0.524,46,54,0.852,44,90,134,38,17,10,43,105,282
Pape Sow,C,25,TOR,7,0,34,3,9,0.33299999999999996,0,0,0.0,3,9,0.33299999999999996,0.33299999999999996,4,6,0.667,6,5,11,2,1,1,1,2,10
Vassilis Spanoulis,SG,24,HOU,31,0,272,23,72,0.319,5,29,0.172,18,43,0.419,0.354,34,42,0.81,5,17,22,28,7,1,29,33,85
Jerry Stackhouse,SF,32,DAL,67,8,1615,280,654,0.428,62,162,0.38299999999999995,218,492,0.44299999999999995,0.47600000000000003,182,215,0.847,39,106,145,187,51,10,117,78,804
DeShawn Stevenson,SG,25,WAS,82,82,2419,347,753,0.461,74,183,0.40399999999999997,273,570,0.479,0.51,152,216,0.7040000000000001,55,161,216,218,65,19,119,155,920
Peja Stojaković,SF,29,NOK,13,13,425,83,196,0.423,34,84,0.405,49,112,0.43799999999999994,0.51,31,38,0.816,11,43,54,11,8,4,19,29,231
Damon Stoudamire,PG,33,MEM,62,51,1501,171,437,0.391,59,175,0.337,112,262,0.42700000000000005,0.45899999999999996,66,83,0.795,31,108,139,299,47,2,101,95,467
Salim Stoudamire,SG,24,ATL,61,0,1034,177,425,0.41600000000000004,56,155,0.361,121,270,0.44799999999999995,0.48200000000000004,61,68,0.897,6,68,74,61,21,2,55,88,471
Amar'e Stoudemire,C,24,PHO,82,78,2689,607,1055,0.575,0,3,0.0,607,1052,0.5770000000000001,0.575,457,585,0.7809999999999999,222,564,786,84,78,110,232,295,1671
Mike Sweetney,C,24,CHI,48,0,385,58,134,0.433,0,0,0.0,58,134,0.433,0.433,37,66,0.561,45,75,120,28,9,11,42,79,153
Stromile Swift,C,27,MEM,54,18,1029,161,346,0.465,0,5,0.0,161,341,0.47200000000000003,0.465,97,134,0.7240000000000001,85,165,250,17,30,62,69,146,419
Wally Szczerbiak,SF,29,BOS,32,19,900,161,388,0.415,44,106,0.415,117,282,0.415,0.47200000000000003,113,126,0.897,16,82,98,55,18,3,54,65,479
Donell Taylor,SG,24,WAS,47,1,369,56,140,0.4,3,17,0.17600000000000002,53,123,0.431,0.41100000000000003,11,21,0.524,14,39,53,45,17,3,25,34,126
Maurice Taylor,PF,30,SAC,12,2,103,8,28,0.28600000000000003,0,0,0.0,8,28,0.28600000000000003,0.28600000000000003,8,13,0.615,10,18,28,5,4,1,6,16,24
Sebastian Telfair,PG,21,BOS,78,30,1578,176,474,0.371,37,128,0.289,139,346,0.402,0.41,90,110,0.818,17,91,108,218,43,11,98,166,479
Jason Terry,SG,29,DAL,81,80,2846,514,1063,0.484,162,370,0.43799999999999994,352,693,0.508,0.56,160,199,0.804,41,190,231,422,81,17,152,170,1350
Etan Thomas,C,28,WAS,65,32,1246,159,277,0.574,0,0,0.0,159,277,0.574,0.574,77,138,0.5579999999999999,136,241,377,29,22,89,71,162,395
Kenny Thomas,PF,29,SAC,62,53,1412,146,303,0.48200000000000004,0,1,0.0,146,302,0.483,0.48200000000000004,39,76,0.513,134,243,377,76,43,16,90,141,331
Kurt Thomas,C,34,PHO,67,13,1208,126,259,0.486,0,1,0.0,126,258,0.488,0.486,56,71,0.789,86,293,379,24,24,29,35,156,308
Tim Thomas,PF,29,LAC,76,24,2054,299,723,0.414,136,356,0.382,163,367,0.444,0.508,102,144,0.708,63,315,378,171,55,28,106,228,836
Tyrus Thomas,PF,20,CHI,72,4,966,134,282,0.475,0,2,0.0,134,280,0.479,0.475,106,175,0.606,89,180,269,40,46,76,94,162,374
Dijon Thompson,SF,23,ATL,6,0,50,6,15,0.4,0,2,0.0,6,13,0.462,0.4,5,6,0.833,3,5,8,2,0,0,1,2,17
Jamaal Tinsley,PG,28,IND,72,72,2243,346,889,0.389,61,193,0.316,285,696,0.409,0.424,172,239,0.72,60,180,240,494,117,25,200,190,925
Jake Tsakalidis,C,27,TOT,36,7,390,29,72,0.40299999999999997,0,0,0.0,29,72,0.40299999999999997,0.40299999999999997,26,39,0.667,42,62,104,5,8,12,24,51,84
P.J. Tucker,SF,21,TOR,17,0,83,11,22,0.5,0,0,0.0,11,22,0.5,0.5,8,14,0.5710000000000001,11,12,23,3,2,0,6,12,30
Ronny Turiaf,C,24,LAL,72,1,1087,147,268,0.5489999999999999,0,1,0.0,147,267,0.551,0.5489999999999999,89,134,0.664,88,171,259,63,17,78,52,202,383
Hedo Türkoğlu,SF,27,ORL,73,73,2268,345,823,0.419,109,281,0.38799999999999996,236,542,0.435,0.485,171,219,0.7809999999999999,57,236,293,233,70,16,143,221,970
Ime Udoka,SF,29,POR,75,75,2144,237,514,0.461,89,219,0.406,148,295,0.502,0.5479999999999999,66,89,0.742,95,184,279,112,71,17,73,207,629
Beno Udrih,PG,24,SAS,73,1,948,127,344,0.369,33,115,0.287,94,229,0.41,0.41700000000000004,53,60,0.883,11,71,82,122,27,1,56,70,340
Anderson Varejão,C,24,CLE,81,6,1932,191,401,0.47600000000000003,0,9,0.0,191,392,0.48700000000000004,0.47600000000000003,165,268,0.616,191,354,545,75,76,52,67,269,547
Jacque Vaughn,PG,31,SAS,64,4,760,71,167,0.425,1,2,0.5,70,165,0.424,0.428,49,65,0.754,8,60,68,131,24,2,40,74,192
Charlie Villanueva,PF,22,MIL,39,17,984,180,383,0.47,29,86,0.337,151,297,0.508,0.508,73,89,0.82,62,166,228,36,24,12,54,108,462
Marcus Vinicius,SF,22,NOK,13,0,103,7,15,0.467,3,7,0.429,4,8,0.5,0.5670000000000001,5,7,0.7140000000000001,2,9,11,5,2,1,6,10,22
Jake Voskuhl,C,29,CHA,73,9,1043,121,255,0.475,0,0,0.0,121,255,0.475,0.475,77,113,0.6809999999999999,84,172,256,44,30,24,56,199,319
Sasha Vujačić,SG,22,LAL,73,4,935,105,268,0.392,60,161,0.373,45,107,0.42100000000000004,0.504,43,49,0.878,28,79,107,64,41,1,30,103,313
Dwyane Wade,SG,25,MIA,51,50,1931,472,962,0.491,21,79,0.266,451,883,0.511,0.502,432,535,0.807,51,188,239,384,107,62,216,117,1397
Von Wafer,SF,21,LAC,1,0,1,0,1,0.0,0,1,0.0,0,0,0.0,0.0,0,0,0.0,0,0,0,0,0,0,0,0,0
Dajuan Wagner,SG,23,GSW,1,0,7,1,1,1.0,1,1,1.0,0,0,0.0,1.5,1,2,0.5,0,0,0,1,0,0,1,1,4
Antoine Walker,PF,30,MIA,78,15,1818,265,668,0.397,84,305,0.275,181,363,0.499,0.46,46,105,0.43799999999999994,92,247,339,130,48,17,141,173,660
Ben Wallace,C,32,CHI,77,77,2697,192,424,0.45299999999999996,1,5,0.2,191,419,0.456,0.45399999999999996,109,267,0.408,303,518,821,186,111,156,101,153,494
Gerald Wallace,SF,24,CHA,72,71,2640,478,952,0.502,39,120,0.325,439,832,0.528,0.523,309,447,0.691,142,376,518,185,144,69,160,209,1304
Rasheed Wallace,C,32,DET,75,72,2419,357,843,0.423,104,296,0.35100000000000003,253,547,0.46299999999999997,0.485,108,137,0.7879999999999999,90,453,543,127,75,118,94,225,926
Luke Walton,SF,26,LAL,60,60,1982,264,557,0.474,48,124,0.387,216,433,0.499,0.517,108,145,0.745,87,215,302,257,60,21,118,117,684
Hakim Warrick,PF,24,MEM,82,43,2152,373,712,0.524,0,8,0.0,373,704,0.53,0.524,299,388,0.7709999999999999,130,290,420,75,43,30,161,232,1045
Earl Watson,PG,27,SEA,77,25,2152,263,687,0.38299999999999995,92,280,0.32899999999999996,171,407,0.42,0.45,108,147,0.735,34,151,185,437,99,23,167,152,726
Chris Webber,PF,33,TOT,61,60,1821,289,639,0.452,4,11,0.364,285,628,0.45399999999999996,0.455,102,160,0.638,124,313,437,188,60,41,107,143,684
Martell Webster,SF,20,POR,82,27,1759,195,492,0.396,91,250,0.364,104,242,0.43,0.489,93,132,0.705,43,197,240,52,35,19,76,126,574
Bonzi Wells,SF,30,HOU,28,1,590,85,207,0.41100000000000003,1,7,0.14300000000000002,84,200,0.42,0.413,46,82,0.561,26,94,120,31,24,13,57,62,217
David Wesley,SG,36,CLE,35,5,352,22,75,0.293,9,38,0.237,13,37,0.35100000000000003,0.353,20,28,0.7140000000000001,3,32,35,37,12,4,17,32,73
David West,PF,26,NOK,52,52,1900,377,792,0.47600000000000003,8,25,0.32,369,767,0.48100000000000004,0.48100000000000004,187,227,0.8240000000000001,126,298,424,114,42,38,98,143,949
Delonte West,SG,23,BOS,69,47,2219,306,717,0.42700000000000005,65,178,0.365,241,539,0.447,0.47200000000000003,168,197,0.853,32,176,208,304,74,34,140,152,845
James White,SG,24,SAS,6,2,137,18,41,0.439,2,7,0.28600000000000003,16,34,0.47100000000000003,0.46299999999999997,12,15,0.8,3,17,20,5,3,1,5,7,50
Chris Wilcox,PF,24,SEA,82,81,2586,433,819,0.529,0,6,0.0,433,813,0.5329999999999999,0.529,240,351,0.684,178,451,629,82,70,38,127,248,1106
Damien Wilkins,SF,27,SEA,82,31,2037,262,602,0.435,50,122,0.41,212,480,0.442,0.47700000000000004,150,170,0.882,87,142,229,156,92,16,116,157,724
Mike Wilks,PG,27,SEA,47,4,534,66,141,0.46799999999999997,5,15,0.33299999999999996,61,126,0.484,0.486,33,42,0.7859999999999999,15,39,54,79,15,4,31,53,170
Aaron Williams,PF,35,LAC,38,7,374,29,53,0.547,0,1,0.0,29,52,0.5579999999999999,0.547,18,22,0.818,27,58,85,7,7,14,18,56,76
Alvin Williams,PG,32,LAC,2,0,10,0,2,0.0,0,1,0.0,0,1,0.0,0.0,2,4,0.5,1,0,1,3,2,0,3,0,2
Deron Williams,PG,22,UTA,80,80,2950,494,1083,0.456,82,255,0.322,412,828,0.498,0.494,227,296,0.767,41,226,267,745,78,13,246,254,1297
Eric Williams,SF,34,TOT,21,0,121,19,47,0.40399999999999997,8,19,0.42100000000000004,11,28,0.39299999999999996,0.489,8,14,0.5710000000000001,3,14,17,7,3,0,7,12,54
Jason Williams,PG,31,MIA,61,55,1865,235,569,0.413,100,295,0.33899999999999997,135,274,0.493,0.501,94,103,0.9129999999999999,18,123,141,322,58,1,100,68,664
Justin Williams,C,22,SAC,26,1,333,54,88,0.614,0,1,0.0,54,87,0.621,0.614,23,63,0.365,51,64,115,2,5,16,15,51,131
Lou Williams,PG,20,PHI,61,0,688,93,211,0.441,12,37,0.324,81,174,0.466,0.469,64,92,0.696,17,53,70,110,22,1,46,42,262
Marcus Williams,PG,21,NJN,79,2,1315,208,526,0.395,46,163,0.282,162,363,0.446,0.439,72,85,0.847,29,134,163,260,29,2,142,96,534
Marvin Williams,PF,20,ATL,64,63,2179,306,706,0.433,11,45,0.244,295,661,0.446,0.441,216,265,0.815,84,253,337,121,52,30,127,191,839
Mo Williams,PG,24,MIL,68,68,2472,468,1049,0.446,79,228,0.34600000000000003,389,821,0.474,0.484,159,186,0.855,54,275,329,416,85,6,203,201,1174
Shammond Williams,PG,31,LAL,30,0,345,35,86,0.40700000000000003,20,50,0.4,15,36,0.41700000000000004,0.523,4,6,0.667,11,29,40,31,12,0,13,20,94
Shawne Williams,SG,20,IND,46,3,556,75,160,0.469,19,52,0.365,56,108,0.519,0.528,11,20,0.55,33,50,83,22,6,8,24,69,180
Shelden Williams,PF,23,ATL,81,31,1514,166,365,0.455,2,4,0.5,164,361,0.45399999999999996,0.45799999999999996,110,144,0.764,131,304,435,44,52,39,96,199,444
Corliss Williamson,PF,33,SAC,68,1,1337,236,463,0.51,0,2,0.0,236,461,0.512,0.51,148,207,0.715,63,158,221,39,29,15,97,183,620
Kevin Willis,PF,44,DAL,5,0,43,5,13,0.385,0,0,0.0,5,13,0.385,0.385,2,2,1.0,2,6,8,1,2,1,2,11,12
Metta World Peace,SF,27,SAC,70,65,2641,458,1040,0.44,93,260,0.358,365,780,0.46799999999999997,0.485,307,415,0.74,102,352,454,235,149,43,146,205,1316
Antoine Wright,SG,22,NJN,63,23,1137,110,251,0.43799999999999994,19,59,0.322,91,192,0.474,0.47600000000000003,44,73,0.603,38,137,175,55,30,10,43,120,283
Bracey Wright,SG,22,MIN,19,0,190,24,60,0.4,6,20,0.3,18,40,0.45,0.45,13,18,0.722,7,14,21,15,9,1,6,6,67
Dorell Wright,SF,21,MIA,66,19,1292,162,364,0.445,5,34,0.147,157,330,0.47600000000000003,0.452,64,86,0.7440000000000001,40,232,272,95,41,46,65,112,393
Lorenzen Wright,C,31,ATL,67,31,1035,82,183,0.44799999999999995,0,0,0.0,82,183,0.44799999999999995,0.44799999999999995,9,32,0.281,85,131,216,40,28,28,39,204,173
