Player,Pos,Age,Tm,G,GS,MP,FG,FGA,FG%,3P,3PA,3P%,2P,2PA,2P%,eFG%,FT,FTA,FT%,ORB,DRB,TRB,AST,STL,BLK,TOV,PF,PTS
Quincy Acy,PF,22,TOR,29,0,342,42,75,0.56,1,2,0.5,41,73,0.562,0.5670000000000001,31,38,0.816,30,47,77,11,13,15,17,53,116
Jeff Adrien,PF,26,CHA,52,5,713,72,168,0.429,0,2,0.0,72,166,0.434,0.429,65,100,0.65,68,128,196,36,18,27,32,80,209
Arron Afflalo,SF,27,ORL,64,64,2307,397,905,0.439,72,240,0.3,325,665,0.489,0.478,191,223,0.857,29,210,239,206,40,11,138,137,1057
Josh Akognon,PG,26,DAL,3,0,9,2,4,0.5,1,2,0.5,1,2,0.5,0.625,0,0,0.0,0,1,1,1,0,0,0,3,5
Cole Aldrich,C,24,TOT,45,0,388,44,80,0.55,0,0,0.0,44,80,0.55,0.55,12,20,0.6,30,90,120,9,5,23,23,60,100
LaMarcus Aldridge,PF,27,POR,74,74,2790,638,1318,0.484,2,14,0.14300000000000002,636,1304,0.488,0.485,282,348,0.81,175,495,670,192,62,91,143,187,1560
Lavoy Allen,C,23,PHI,79,37,1669,206,454,0.45399999999999996,0,1,0.0,206,453,0.455,0.45399999999999996,43,60,0.7170000000000001,159,236,395,73,24,55,55,180,455
Ray Allen*,SG,37,MIA,79,0,2035,292,651,0.449,139,332,0.419,153,319,0.48,0.555,140,158,0.8859999999999999,40,177,217,135,67,15,103,129,863
Tony Allen,SG,31,MEM,79,79,2109,284,638,0.445,3,24,0.125,281,614,0.45799999999999996,0.447,134,187,0.7170000000000001,121,242,363,98,119,44,94,211,705
Al-Farouq Aminu,SF,22,NOH,76,71,2066,225,474,0.475,4,19,0.21100000000000002,221,455,0.486,0.479,101,137,0.737,139,446,585,103,92,51,116,153,555
Lou Amundson,PF,30,TOT,39,0,372,32,81,0.395,0,0,0.0,32,81,0.395,0.395,12,36,0.33299999999999996,48,58,106,11,16,12,19,53,76
Chris Andersen,C,34,MIA,42,0,624,71,123,0.5770000000000001,2,3,0.667,69,120,0.575,0.585,63,93,0.677,57,115,172,17,16,44,24,89,207
Alan Anderson,SF,30,TOR,65,2,1495,236,616,0.38299999999999995,95,285,0.33299999999999996,141,331,0.426,0.46,126,147,0.857,34,114,148,103,48,7,80,131,693
James Anderson,SG-SF,23,TOT,39,2,401,52,126,0.413,21,60,0.35,31,66,0.47,0.496,24,28,0.857,18,54,72,42,15,5,25,25,149
Ryan Anderson,PF,24,NOH,81,22,2503,472,1115,0.423,213,557,0.382,259,558,0.46399999999999997,0.519,152,180,0.8440000000000001,191,328,519,97,42,31,97,179,1309
Carmelo Anthony,PF,28,NYK,67,67,2482,669,1489,0.449,157,414,0.379,512,1075,0.47600000000000003,0.502,425,512,0.83,134,326,460,171,52,32,175,205,1920
Joel Anthony,C,30,MIA,62,3,566,35,68,0.515,0,0,0.0,35,68,0.515,0.515,17,28,0.607,45,70,115,13,13,42,22,49,87
Trevor Ariza,SF,27,WAS,56,15,1471,188,451,0.41700000000000004,76,209,0.364,112,242,0.46299999999999997,0.501,78,95,0.821,44,222,266,113,72,20,84,72,530
Darrell Arthur,PF,24,MEM,59,3,970,162,359,0.451,5,18,0.278,157,341,0.46,0.45799999999999996,33,46,0.7170000000000001,68,101,169,33,24,33,43,126,362
Ömer Aşık,C,26,HOU,82,82,2464,332,614,0.541,0,1,0.0,332,613,0.542,0.541,168,299,0.562,275,681,956,75,46,87,173,223,832
D.J. Augustin,PG,25,IND,76,5,1226,103,294,0.35,67,190,0.353,36,104,0.34600000000000003,0.46399999999999997,83,99,0.838,20,71,91,170,34,3,68,64,356
Gustavo Ayón,C,27,TOT,55,3,734,92,167,0.551,0,0,0.0,92,167,0.551,0.551,20,50,0.4,60,139,199,71,22,17,47,107,204
Jeff Ayres,PF,25,IND,37,0,369,61,126,0.484,2,4,0.5,59,122,0.484,0.49200000000000005,21,23,0.9129999999999999,29,75,104,15,6,12,23,44,145
Luke Babbitt,PF,23,POR,62,0,730,86,234,0.368,62,178,0.348,24,56,0.429,0.5,10,13,0.769,15,122,137,29,14,5,22,82,244
Leandro Barbosa,PG,30,BOS,41,2,513,83,193,0.43,18,47,0.38299999999999995,65,146,0.445,0.47700000000000004,31,41,0.7559999999999999,8,38,46,58,17,6,21,51,215
J.J. Barea,PG,28,MIN,74,2,1713,316,758,0.41700000000000004,97,280,0.34600000000000003,219,478,0.45799999999999996,0.48100000000000004,105,134,0.784,34,173,207,294,32,0,145,131,834
Andrea Bargnani,PF,27,TOR,35,25,1003,170,426,0.39899999999999997,38,123,0.309,132,303,0.436,0.444,65,77,0.8440000000000001,26,102,128,38,21,23,54,64,443
Harrison Barnes,SF,20,GSW,81,81,2058,276,628,0.439,52,145,0.359,224,483,0.46399999999999997,0.48100000000000004,144,190,0.758,53,280,333,98,52,14,101,140,748
Matt Barnes,SF,32,LAC,80,4,2058,312,675,0.462,111,325,0.342,201,350,0.574,0.544,87,117,0.7440000000000001,111,255,366,123,82,63,90,233,822
Earl Barron,C,31,TOT,12,2,159,18,51,0.353,0,0,0.0,18,51,0.353,0.353,3,7,0.429,22,39,61,5,5,6,11,24,39
Will Barton,SG,22,POR,73,5,894,118,309,0.382,9,65,0.138,109,244,0.447,0.396,50,65,0.769,36,109,145,58,34,9,60,56,295
Brandon Bass,PF,27,BOS,81,69,2239,286,589,0.486,0,2,0.0,286,587,0.48700000000000004,0.486,129,150,0.86,129,296,425,84,44,64,80,188,701
Shane Battier,SF,34,MIA,72,20,1786,152,362,0.42,136,316,0.43,16,46,0.348,0.608,32,38,0.8420000000000001,37,128,165,72,41,55,34,149,472
Nicolas Batum,SF,24,POR,73,73,2807,352,833,0.423,165,444,0.37200000000000005,187,389,0.48100000000000004,0.522,178,210,0.848,97,315,412,360,91,83,190,139,1047
Jerryd Bayless,PG,24,MEM,80,4,1765,260,621,0.419,71,201,0.353,189,420,0.45,0.47600000000000003,102,122,0.836,22,154,176,264,59,17,120,168,693
Aron Baynes,C,26,SAS,16,0,141,18,36,0.5,0,1,0.0,18,35,0.514,0.5,7,12,0.583,12,20,32,5,1,6,11,23,43
Kent Bazemore,SG,23,GSW,61,0,267,43,116,0.371,10,34,0.294,33,82,0.402,0.414,27,44,0.614,5,17,22,22,17,4,18,27,123
Bradley Beal,SG,19,WAS,56,46,1745,282,687,0.41,91,236,0.386,191,451,0.424,0.47700000000000004,125,159,0.7859999999999999,43,168,211,137,50,29,90,113,780
Michael Beasley,SF,24,PHO,75,20,1554,310,766,0.405,45,144,0.313,265,622,0.426,0.434,94,126,0.746,52,230,282,111,31,34,144,107,759
Rodrigue Beaubois,PG,24,DAL,45,0,549,65,176,0.369,21,72,0.292,44,104,0.423,0.429,30,38,0.789,9,48,57,84,19,4,33,54,181
Marco Belinelli,SG,26,CHI,73,27,1882,241,610,0.395,79,221,0.35700000000000004,162,389,0.41600000000000004,0.46,141,168,0.8390000000000001,13,127,140,148,44,6,82,140,702
Patrick Beverley,PG,24,HOU,41,0,713,79,189,0.418,36,96,0.375,43,93,0.462,0.513,34,41,0.8290000000000001,45,64,109,117,37,21,44,83,228
Andris Biedriņš,C,26,GSW,53,9,495,10,21,0.47600000000000003,0,0,0.0,10,21,0.47600000000000003,0.47600000000000003,4,13,0.308,34,119,153,14,15,42,14,101,24
Chauncey Billups,SG,36,LAC,22,22,418,53,132,0.402,33,90,0.36700000000000005,20,42,0.47600000000000003,0.527,45,48,0.938,2,30,32,49,12,1,26,25,184
Bismack Biyombo,C,20,CHA,80,65,2186,156,346,0.451,0,0,0.0,156,346,0.451,0.451,74,142,0.521,194,388,582,35,28,143,82,195,386
DeJuan Blair,PF,23,SAS,61,16,851,142,271,0.524,0,1,0.0,142,270,0.526,0.524,44,70,0.629,66,164,230,45,37,10,49,112,328
Steve Blake,PG,32,LAL,45,13,1175,114,270,0.42200000000000004,72,171,0.42100000000000004,42,99,0.424,0.556,27,35,0.7709999999999999,21,111,132,173,34,6,62,83,327
Andray Blatche,C,26,BRK,82,8,1555,346,676,0.512,3,22,0.136,343,654,0.524,0.514,148,216,0.685,161,256,417,85,86,54,123,163,843
Eric Bledsoe,PG,23,LAC,76,12,1553,253,568,0.445,31,78,0.397,222,490,0.45299999999999996,0.473,106,134,0.7909999999999999,78,147,225,233,109,55,137,112,643
Keith Bogans,SG,32,BRK,74,23,1408,108,284,0.38,84,245,0.34299999999999997,24,39,0.615,0.528,11,17,0.647,16,104,120,76,28,4,49,108,311
Andrew Bogut,C,28,GSW,32,32,786,83,184,0.451,1,1,1.0,82,183,0.44799999999999995,0.45399999999999996,19,38,0.5,68,177,245,67,20,55,35,85,186
Matt Bonner,PF,32,SAS,68,4,909,112,230,0.48700000000000004,53,120,0.442,59,110,0.536,0.602,11,15,0.733,25,104,129,36,17,19,16,86,288
Trevor Booker,PF,25,WAS,48,14,887,108,220,0.491,0,5,0.0,108,215,0.502,0.491,40,72,0.556,98,141,239,40,32,16,31,95,256
Carlos Boozer,PF,31,CHI,79,79,2546,544,1140,0.47700000000000004,0,2,0.0,544,1138,0.478,0.47700000000000004,193,264,0.731,175,596,771,179,66,28,176,239,1281
Chris Bosh,C,28,MIA,74,74,2454,485,907,0.535,21,74,0.284,464,833,0.557,0.546,241,302,0.7979999999999999,131,370,501,123,66,101,128,168,1232
Avery Bradley,PG,22,BOS,50,50,1435,192,478,0.402,40,126,0.317,152,352,0.43200000000000005,0.444,37,49,0.755,30,81,111,104,64,19,72,129,461
Elton Brand,C,33,DAL,72,18,1527,226,478,0.473,0,1,0.0,226,477,0.474,0.473,66,93,0.71,130,300,430,70,50,90,57,192,518
Corey Brewer,SF,26,DEN,82,2,2003,375,883,0.425,91,307,0.29600000000000004,284,576,0.493,0.47600000000000003,149,216,0.69,55,180,235,124,118,23,102,154,990
Ronnie Brewer,SF,27,TOT,60,34,853,70,198,0.354,23,76,0.303,47,122,0.385,0.41200000000000003,16,39,0.41,42,98,140,50,43,6,18,33,179
Aaron Brooks,PG,28,TOT,53,20,997,143,316,0.45299999999999996,50,134,0.373,93,182,0.511,0.532,40,52,0.769,13,67,80,114,30,10,67,94,376
MarShon Brooks,SG,24,BRK,73,2,912,155,335,0.46299999999999997,15,55,0.273,140,280,0.5,0.485,69,94,0.7340000000000001,32,72,104,76,34,16,69,93,394
Kwame Brown,C,30,PHI,22,11,269,17,37,0.45899999999999996,0,0,0.0,17,37,0.45899999999999996,0.45899999999999996,7,19,0.368,23,51,74,9,6,10,8,37,41
Shannon Brown,SG,27,PHO,59,22,1402,240,571,0.42,39,141,0.27699999999999997,201,430,0.467,0.45399999999999996,98,125,0.784,44,105,149,108,59,15,74,92,617
Kobe Bryant,SG,34,LAL,78,78,3013,738,1595,0.46299999999999997,132,407,0.324,606,1188,0.51,0.504,525,626,0.8390000000000001,66,367,433,469,106,25,287,173,2133
Chase Budinger,SF,24,MIN,23,1,508,79,191,0.414,26,81,0.321,53,110,0.48200000000000004,0.48200000000000004,32,42,0.762,15,56,71,25,14,7,23,29,216
Alec Burks,SG,21,UTA,64,0,1137,163,388,0.42,33,92,0.359,130,296,0.439,0.46299999999999997,92,129,0.713,37,108,145,92,35,13,74,114,451
Caron Butler,SF,32,LAC,78,78,1879,305,720,0.424,128,330,0.38799999999999996,177,390,0.45399999999999996,0.513,75,90,0.833,41,182,223,78,51,11,72,139,813
Jimmy Butler,SF,23,CHI,82,20,2134,239,512,0.467,40,105,0.381,199,407,0.489,0.506,187,233,0.8029999999999999,136,192,328,115,78,31,62,97,705
Will Bynum,PG,30,DET,65,0,1219,253,540,0.469,24,76,0.316,229,464,0.494,0.491,106,131,0.809,28,69,97,231,45,5,125,128,636
José Calderón,PG,31,TOT,73,58,2160,312,635,0.491,130,282,0.461,182,353,0.516,0.594,72,80,0.9,20,156,176,518,58,8,126,99,826
Marcus Camby,PF,38,NYK,24,4,250,17,53,0.321,0,0,0.0,17,53,0.321,0.321,8,19,0.42100000000000004,24,56,80,14,7,14,15,28,42
DeMarre Carroll,SF,26,UTA,66,12,1111,149,324,0.46,20,70,0.28600000000000003,129,254,0.508,0.491,75,98,0.765,87,101,188,61,58,24,34,119,393
Matt Carroll,SG,32,CHA,1,0,6,0,0,0.0,0,0,0.0,0,0,0.0,0.0,0,0,0.0,0,0,0,1,0,0,0,1,0
Vince Carter,SF,36,DAL,81,3,2093,372,855,0.435,162,399,0.406,210,456,0.461,0.53,182,223,0.816,58,276,334,194,74,44,106,226,1088
Omri Casspi,SF,24,CLE,43,1,503,63,160,0.39399999999999996,25,76,0.32899999999999996,38,84,0.452,0.47200000000000003,22,41,0.537,20,94,114,28,25,12,22,45,173
Mario Chalmers,PG,26,MIA,77,77,2068,227,529,0.429,123,301,0.409,104,228,0.456,0.545,89,112,0.795,19,152,171,273,118,12,119,196,666
Tyson Chandler,C,30,NYK,66,66,2164,255,400,0.638,0,0,0.0,255,400,0.638,0.638,179,258,0.6940000000000001,269,434,703,62,42,75,87,188,689
Wilson Chandler,PF,25,DEN,43,8,1079,210,455,0.462,52,126,0.413,158,329,0.48,0.519,88,111,0.7929999999999999,45,173,218,58,45,12,60,119,560
Josh Childress,SF,29,BRK,14,0,100,6,21,0.28600000000000003,1,3,0.33299999999999996,5,18,0.278,0.31,1,2,0.5,6,9,15,5,2,2,0,3,14
Earl Clark,PF,25,LAL,59,36,1363,170,386,0.44,35,104,0.337,135,282,0.479,0.486,53,76,0.6970000000000001,82,243,325,65,36,44,62,102,428
Victor Claver,SF,24,POR,49,16,812,74,189,0.392,25,87,0.287,49,102,0.48,0.45799999999999996,14,30,0.467,31,88,119,43,26,12,43,75,187
Norris Cole,PG,24,MIA,80,4,1590,179,425,0.42100000000000004,35,98,0.35700000000000004,144,327,0.44,0.462,52,80,0.65,18,112,130,164,57,7,104,155,445
Jason Collins,C,34,TOT,38,9,384,9,29,0.31,0,0,0.0,9,29,0.31,0.31,23,32,0.7190000000000001,22,38,60,8,12,10,18,85,41
Darren Collison,PG,25,DAL,81,47,2372,341,724,0.47100000000000003,48,136,0.353,293,588,0.498,0.504,242,275,0.88,31,188,219,415,100,8,173,139,972
Nick Collison,C,32,OKC,81,2,1583,176,296,0.595,0,4,0.0,176,292,0.603,0.595,60,78,0.769,123,210,333,121,51,30,69,197,412
Mike Conley,PG,25,MEM,80,80,2757,414,940,0.44,106,293,0.36200000000000004,308,647,0.47600000000000003,0.49700000000000005,234,282,0.83,43,182,225,487,174,24,189,171,1168
Will Conroy,PG,30,MIN,4,0,20,0,9,0.0,0,3,0.0,0,6,0.0,0.0,1,2,0.5,1,0,1,0,0,0,0,1,1
Daequan Cook,SG,25,TOT,49,1,441,51,167,0.305,26,91,0.28600000000000003,25,76,0.32899999999999996,0.38299999999999995,9,12,0.75,7,54,61,19,8,7,15,26,137
Chris Copeland,PF,28,NYK,56,13,862,182,380,0.479,59,140,0.42100000000000004,123,240,0.513,0.557,63,83,0.759,34,85,119,27,16,12,50,104,486
DeMarcus Cousins,C,22,SAC,75,74,2289,482,1036,0.465,4,22,0.182,478,1014,0.47100000000000003,0.467,312,423,0.738,222,524,746,199,108,55,225,269,1280
Jamal Crawford,SG,32,LAC,76,0,2230,445,1016,0.43799999999999994,149,396,0.376,296,620,0.47700000000000004,0.511,216,248,0.871,22,106,128,193,79,13,146,71,1255
Jordan Crawford,SG,24,TOT,70,14,1709,301,725,0.415,83,246,0.337,218,479,0.455,0.47200000000000003,129,159,0.8109999999999999,44,165,209,225,39,7,141,106,814
Jae Crowder,SF,22,DAL,78,16,1353,141,367,0.384,63,192,0.32799999999999996,78,175,0.446,0.47,47,73,0.644,35,152,187,94,63,17,49,128,392
Dante Cunningham,PF,25,MIN,80,9,2010,314,671,0.46799999999999997,0,6,0.0,314,665,0.47200000000000003,0.46799999999999997,67,103,0.65,142,266,408,67,84,38,56,153,695
Jared Cunningham,SG,21,DAL,8,0,26,6,14,0.429,2,3,0.667,4,11,0.364,0.5,2,2,1.0,1,2,3,1,1,0,2,3,16
Eddy Curry,C,30,DAL,2,0,25,4,8,0.5,0,0,0.0,4,8,0.5,0.5,1,4,0.25,2,2,4,0,0,0,3,7,9
Stephen Curry,PG,24,GSW,78,78,2983,626,1388,0.451,272,600,0.45299999999999996,354,788,0.449,0.5489999999999999,262,291,0.9,59,255,314,539,126,12,240,198,1786
Samuel Dalembert,C,31,MIL,47,23,765,137,253,0.542,1,1,1.0,136,252,0.54,0.5429999999999999,38,55,0.691,105,171,276,21,17,53,51,90,313
Marquis Daniels,SF,32,MIL,59,33,1085,132,351,0.376,20,72,0.278,112,279,0.401,0.405,40,54,0.741,48,102,150,65,51,10,45,77,324
Anthony Davis,PF,19,NOH,64,60,1846,349,676,0.516,0,6,0.0,349,670,0.521,0.516,169,225,0.7509999999999999,165,357,522,63,75,112,89,158,867
Ed Davis,C-PF,23,TOT,81,28,1631,260,482,0.539,0,0,0.0,260,482,0.539,0.539,103,167,0.617,152,308,460,63,38,85,63,191,623
Glen Davis,PF,27,ORL,34,33,1064,214,478,0.44799999999999995,0,2,0.0,214,476,0.45,0.44799999999999995,84,117,0.718,55,191,246,70,32,21,64,88,512
Austin Daye,SF,24,TOT,55,0,676,90,208,0.433,41,98,0.418,49,110,0.445,0.531,26,34,0.765,16,107,123,42,14,22,29,82,247
Nando De Colo,SG,25,SAS,72,6,920,105,241,0.436,31,82,0.37799999999999995,74,159,0.465,0.5,35,44,0.795,23,115,138,138,41,6,81,87,276
Carlos Delfino,SF,30,HOU,67,5,1689,251,620,0.405,158,421,0.375,93,199,0.467,0.532,48,56,0.857,18,202,220,135,68,9,72,114,708
Luol Deng,SF,27,CHI,75,75,2903,466,1093,0.426,75,233,0.322,391,860,0.455,0.461,230,282,0.816,162,314,476,222,81,32,144,105,1237
Justin Dentmon,PG,27,DAL,2,0,4,0,2,0.0,0,0,0.0,0,2,0.0,0.0,0,0,0.0,0,0,0,0,0,0,0,0,0
DeMar DeRozan,SG,23,TOR,82,82,3013,548,1231,0.445,34,120,0.28300000000000003,514,1111,0.46299999999999997,0.45899999999999996,355,427,0.831,48,272,320,204,76,24,151,173,1485
Boris Diaw,PF,30,SAS,75,20,1709,179,332,0.539,30,78,0.385,149,254,0.5870000000000001,0.584,47,65,0.723,66,188,254,180,52,27,84,143,435
DeSagana Diop,C,31,CHA,22,1,226,8,27,0.29600000000000004,0,1,0.0,8,26,0.308,0.29600000000000004,0,1,0.0,10,41,51,13,5,16,8,19,16
Keyon Dooling,PG,32,MEM,7,0,82,10,21,0.47600000000000003,5,12,0.41700000000000004,5,9,0.556,0.595,6,7,0.857,0,1,1,8,1,0,5,8,31
Toney Douglas,PG,26,TOT,71,0,1289,188,466,0.40299999999999997,82,216,0.38,106,250,0.424,0.491,76,84,0.905,34,104,138,151,71,3,81,145,534
Chris Douglas-Roberts,SG,26,DAL,6,0,63,5,14,0.35700000000000004,0,4,0.0,5,10,0.5,0.35700000000000004,7,10,0.7,0,5,5,4,2,0,1,4,17
Goran Dragić,PG,26,PHO,77,77,2581,401,906,0.44299999999999995,88,276,0.319,313,630,0.49700000000000005,0.491,244,326,0.748,60,178,238,569,124,26,212,214,1134
Andre Drummond,C,19,DET,60,10,1243,208,342,0.608,1,2,0.5,207,340,0.609,0.61,59,159,0.371,169,288,457,30,59,95,57,144,476
Jared Dudley,SF,27,PHO,79,50,2170,313,669,0.46799999999999997,106,271,0.391,207,398,0.52,0.547,129,162,0.7959999999999999,79,166,245,203,75,8,101,128,861
Chris Duhon,PG,30,LAL,46,9,820,47,123,0.382,33,91,0.363,14,32,0.43799999999999994,0.516,6,13,0.462,11,57,68,133,20,1,40,56,133
Tim Duncan,C,36,SAS,69,69,2078,490,976,0.502,2,7,0.28600000000000003,488,969,0.504,0.503,245,300,0.8170000000000001,124,562,686,184,50,183,147,117,1227
Mike Dunleavy,SF,32,MIL,75,3,1943,276,624,0.442,128,299,0.428,148,325,0.455,0.545,105,128,0.82,31,260,291,145,39,35,90,135,785
Kevin Durant,SF,24,OKC,81,81,3119,731,1433,0.51,139,334,0.41600000000000004,592,1099,0.539,0.5589999999999999,679,750,0.905,46,594,640,374,116,105,280,143,2280
Devin Ebanks,SF,23,LAL,19,3,197,24,73,0.32899999999999996,6,22,0.273,18,51,0.353,0.37,11,14,0.7859999999999999,10,31,41,10,3,1,11,23,65
Wayne Ellington,SG,25,TOT,78,21,1661,226,529,0.42700000000000005,94,240,0.392,132,289,0.457,0.516,68,75,0.907,25,141,166,104,45,3,57,81,614
Monta Ellis,SG,27,MIL,82,82,3076,597,1436,0.41600000000000004,94,328,0.287,503,1108,0.45399999999999996,0.44799999999999995,289,374,0.773,45,271,316,496,169,36,254,164,1577
Kim English,SG,24,DET,41,0,407,42,112,0.375,14,50,0.28,28,62,0.452,0.43799999999999994,21,29,0.7240000000000001,8,29,37,26,16,3,19,46,119
Jeremy Evans,PF,25,UTA,37,0,215,27,44,0.614,0,1,0.0,27,43,0.628,0.614,21,33,0.636,26,32,58,11,8,13,8,30,75
Reggie Evans,PF,32,BRK,80,56,1967,125,261,0.479,0,0,0.0,125,261,0.479,0.479,113,222,0.509,260,628,888,43,74,13,111,199,363
Tyreke Evans,SG,23,SAC,65,61,2016,366,765,0.478,45,133,0.33799999999999997,321,632,0.508,0.508,210,271,0.775,56,231,287,229,90,27,128,133,987
Festus Ezeli,C,23,GSW,78,41,1120,74,169,0.43799999999999994,0,0,0.0,74,169,0.43799999999999994,0.43799999999999994,43,81,0.531,141,172,313,22,23,74,63,157,191
Kenneth Faried,PF,23,DEN,80,80,2248,380,689,0.552,0,0,0.0,380,689,0.552,0.552,163,266,0.613,260,474,734,77,81,83,113,234,923
Derrick Favors,PF,21,UTA,77,8,1787,274,568,0.48200000000000004,0,5,0.0,274,563,0.48700000000000004,0.48200000000000004,179,260,0.688,184,362,546,75,67,130,129,247,727
Raymond Felton,PG,28,NYK,68,68,2313,377,882,0.42700000000000005,93,258,0.36,284,624,0.455,0.48,101,128,0.789,51,143,194,372,94,14,155,130,948
Landry Fields,SF,24,TOR,51,22,1037,102,223,0.457,2,14,0.14300000000000002,100,209,0.478,0.462,34,53,0.642,59,149,208,60,32,8,42,63,240
Derek Fisher,SG-PG,38,TOT,33,9,575,55,161,0.342,30,80,0.375,25,81,0.309,0.435,35,38,0.9209999999999999,2,35,37,47,19,3,30,55,175
Evan Fournier,SG,20,DEN,38,4,428,75,152,0.493,22,54,0.40700000000000003,53,98,0.541,0.5660000000000001,30,39,0.769,6,29,35,44,19,1,32,65,202
Randy Foye,SG,29,UTA,82,72,2249,293,738,0.397,178,434,0.41,115,304,0.37799999999999995,0.518,118,144,0.8190000000000001,17,110,127,167,66,27,92,190,882
Jimmer Fredette,SG,23,SAC,69,0,967,172,409,0.42100000000000004,65,156,0.41700000000000004,107,253,0.423,0.5,85,99,0.8590000000000001,19,52,71,92,31,3,68,64,494
Joel Freeland,PF,25,POR,51,1,477,58,142,0.408,0,0,0.0,58,142,0.408,0.408,18,27,0.667,40,79,119,13,13,11,19,67,134
Danilo Gallinari,SF,24,DEN,71,71,2309,364,871,0.418,135,362,0.373,229,509,0.45,0.495,286,348,0.8220000000000001,65,302,367,176,64,36,111,130,1149
Francisco García,SG-SF,31,TOT,58,20,1029,118,300,0.39299999999999996,67,179,0.374,51,121,0.42100000000000004,0.505,18,21,0.857,8,83,91,63,46,38,32,88,321
Kevin Garnett,C,36,BOS,68,68,2022,422,850,0.496,2,16,0.125,420,834,0.504,0.498,158,201,0.7859999999999999,75,455,530,159,78,62,110,154,1004
Diante Garrett,PG,24,PHO,19,0,149,16,49,0.327,3,15,0.2,13,34,0.382,0.35700000000000004,5,10,0.5,5,10,15,31,10,0,16,5,40
Marc Gasol,C,28,MEM,80,80,2796,429,869,0.494,1,14,0.071,428,855,0.501,0.494,268,316,0.848,184,438,622,318,80,139,157,255,1127
Pau Gasol,PF,32,LAL,49,42,1655,270,579,0.466,8,28,0.28600000000000003,262,551,0.475,0.473,125,178,0.7020000000000001,111,310,421,200,24,61,104,93,673
Rudy Gay,SF,26,TOT,75,74,2687,521,1253,0.41600000000000004,84,260,0.32299999999999995,437,993,0.44,0.449,240,295,0.8140000000000001,99,362,461,202,113,53,198,182,1366
Alonzo Gee,SF,25,CLE,82,82,2541,305,744,0.41,69,219,0.315,236,525,0.45,0.456,163,205,0.795,75,245,320,133,107,29,132,199,842
Mickaël Gelabale,SF,29,MIN,36,13,644,72,139,0.518,16,52,0.308,56,87,0.644,0.5760000000000001,21,24,0.875,32,67,99,26,16,4,16,47,181
Paul George,SF,22,IND,79,79,2972,493,1176,0.419,170,469,0.36200000000000004,323,707,0.457,0.491,221,274,0.807,88,515,603,327,143,51,233,227,1377
Daniel Gibson,PG,26,CLE,46,3,919,84,247,0.34,56,163,0.344,28,84,0.33299999999999996,0.45299999999999996,26,37,0.703,5,55,60,82,30,4,31,89,250
Taj Gibson,PF,27,CHI,65,5,1459,214,441,0.485,0,4,0.0,214,437,0.49,0.485,89,131,0.679,125,220,345,61,27,90,76,166,517
Manu Ginóbili,SG,35,SAS,60,0,1393,229,539,0.425,83,235,0.353,146,304,0.48,0.502,164,206,0.7959999999999999,30,171,201,274,80,13,132,114,705
Drew Gooden,C,31,MIL,16,0,151,20,61,0.32799999999999996,1,5,0.2,19,56,0.33899999999999997,0.336,11,16,0.688,13,18,31,6,5,6,9,21,52
Ben Gordon,SG,29,CHA,75,0,1560,310,760,0.408,113,292,0.387,197,468,0.42100000000000004,0.48200000000000004,107,127,0.843,18,112,130,141,35,16,136,134,840
Eric Gordon,SG,24,NOH,42,40,1264,235,584,0.402,56,173,0.324,179,411,0.436,0.45,187,222,0.8420000000000001,10,67,77,137,45,8,117,75,713
Marcin Gortat,C,28,PHO,61,61,1876,295,566,0.521,0,3,0.0,295,563,0.524,0.521,90,138,0.652,128,388,516,75,40,98,99,127,680
Andrew Goudelock,SG,24,LAL,1,0,6,0,2,0.0,0,0,0.0,0,2,0.0,0.0,0,0,0.0,1,0,1,0,0,0,0,0,0
Danny Granger,SF,29,IND,5,0,74,10,35,0.28600000000000003,2,10,0.2,8,25,0.32,0.314,5,8,0.625,3,6,9,3,2,1,4,6,27
Aaron Gray,C,28,TOR,42,16,513,48,90,0.5329999999999999,0,0,0.0,48,90,0.5329999999999999,0.5329999999999999,23,44,0.523,48,85,133,33,7,5,36,85,119
Danny Green,SG,25,SAS,80,80,2201,297,663,0.44799999999999995,177,413,0.429,120,250,0.48,0.581,67,79,0.848,36,208,244,141,92,54,94,124,838
Draymond Green,SF,22,GSW,79,1,1061,84,257,0.327,14,67,0.209,70,190,0.368,0.354,45,55,0.818,58,202,260,53,42,25,51,159,227
Gerald Green,SF,27,IND,60,7,1080,155,424,0.366,59,188,0.314,96,236,0.40700000000000003,0.435,52,65,0.8,31,110,141,50,19,23,53,64,421
Jeff Green,PF,26,BOS,81,17,2252,376,806,0.467,70,182,0.385,306,624,0.49,0.51,214,265,0.8079999999999999,55,263,318,128,56,68,132,175,1036
Willie Green,SG,31,LAC,72,60,1188,178,386,0.461,71,166,0.428,107,220,0.486,0.5529999999999999,23,32,0.7190000000000001,17,80,97,55,29,12,31,96,450
Blake Griffin,PF,23,LAC,80,80,2598,577,1072,0.5379999999999999,5,28,0.179,572,1044,0.5479999999999999,0.541,281,426,0.66,186,476,662,299,97,50,185,231,1440
Hamed Haddadi,C,27,TOT,30,0,322,35,82,0.42700000000000005,0,0,0.0,35,82,0.42700000000000005,0.42700000000000005,14,27,0.519,43,68,111,12,6,27,31,60,84
Jordan Hamilton,SF,22,DEN,40,1,397,84,201,0.418,27,73,0.37,57,128,0.445,0.485,13,26,0.5,32,63,95,23,15,8,19,24,208
Richard Hamilton,SG,34,CHI,50,45,1088,204,475,0.429,16,52,0.308,188,423,0.444,0.446,66,77,0.857,16,67,83,119,24,5,84,93,490
Ben Hansbrough,PG,25,IND,28,0,200,15,45,0.33299999999999996,6,23,0.261,9,22,0.409,0.4,21,27,0.778,2,16,18,21,7,2,18,23,57
Tyler Hansbrough,PF,27,IND,81,8,1366,176,407,0.43200000000000005,0,3,0.0,176,404,0.436,0.43200000000000005,216,300,0.72,161,212,373,36,29,18,78,152,568
James Harden,SG,23,HOU,78,78,2985,585,1337,0.43799999999999994,179,486,0.368,406,851,0.47700000000000004,0.504,674,792,0.851,62,317,379,455,142,38,295,178,2023
Maurice Harkless,SF,19,ORL,76,59,1974,260,564,0.461,32,117,0.27399999999999997,228,447,0.51,0.489,73,128,0.57,122,213,335,50,88,62,69,144,625
Josh Harrellson,C,23,MIA,6,0,31,4,9,0.444,1,5,0.2,3,4,0.75,0.5,1,2,0.5,3,4,7,0,1,1,3,4,10
Al Harrington,C,32,ORL,10,0,119,20,57,0.35100000000000003,8,30,0.267,12,27,0.444,0.42100000000000004,3,4,0.75,6,21,27,10,4,1,7,18,51
Devin Harris,SG,29,ATL,58,34,1421,194,443,0.43799999999999994,77,230,0.335,117,213,0.5489999999999999,0.525,112,154,0.727,6,110,116,197,64,13,88,103,577
Terrel Harris,SG,25,TOT,20,0,137,4,27,0.14800000000000002,0,8,0.0,4,19,0.21100000000000002,0.14800000000000002,7,10,0.7,4,22,26,9,2,3,17,17,15
Tobias Harris,SF-PF,20,TOT,55,34,1299,233,512,0.455,34,108,0.315,199,404,0.493,0.488,103,137,0.752,73,214,287,69,32,44,66,120,603
Udonis Haslem,PF,32,MIA,75,59,1414,129,251,0.514,0,0,0.0,129,251,0.514,0.514,32,45,0.711,97,307,404,38,30,15,45,173,290
Spencer Hawes,C,24,PHI,82,40,2233,376,811,0.46399999999999997,31,87,0.35600000000000004,345,724,0.47700000000000004,0.483,122,157,0.777,173,417,590,183,24,113,131,233,905
Chuck Hayes,C,29,SAC,74,1,1209,84,190,0.442,0,1,0.0,84,189,0.444,0.442,30,48,0.625,113,186,299,112,31,18,44,114,198
Gordon Hayward,SF,22,UTA,72,27,2104,336,773,0.435,102,246,0.415,234,527,0.444,0.501,243,294,0.8270000000000001,51,174,225,213,58,38,120,125,1017
Lazar Hayward,SF,26,MIN,4,0,31,2,10,0.2,0,4,0.0,2,6,0.33299999999999996,0.2,6,6,1.0,0,4,4,3,2,0,0,3,10
Brendan Haywood,C,33,CHA,61,17,1162,93,216,0.431,0,1,0.0,93,215,0.433,0.431,30,66,0.455,125,165,290,29,16,49,50,125,216
Gerald Henderson,SG,25,CHA,68,58,2133,382,855,0.447,33,100,0.33,349,755,0.462,0.466,258,313,0.8240000000000001,55,195,250,177,68,34,108,149,1055
Xavier Henry,SF,21,NOH,50,2,625,66,161,0.41,4,11,0.364,62,150,0.413,0.42200000000000004,58,92,0.63,21,69,90,13,16,5,31,72,194
John Henson,PF,22,MIL,63,9,827,162,336,0.48200000000000004,0,3,0.0,162,333,0.486,0.48200000000000004,56,105,0.5329999999999999,116,181,297,31,19,42,47,83,380
Roy Hibbert,C,26,IND,79,79,2269,385,859,0.44799999999999995,1,4,0.25,384,855,0.449,0.449,166,224,0.741,296,360,656,113,39,206,162,279,937
J.J. Hickson,C,24,POR,80,80,2323,418,744,0.562,0,2,0.0,418,742,0.563,0.562,182,268,0.679,266,562,828,88,48,51,145,160,1018
Cory Higgins,SG,23,CHA,6,0,32,6,19,0.316,1,5,0.2,5,14,0.35700000000000004,0.342,1,2,0.5,1,2,3,5,3,0,0,5,14
Nenê Hilário,PF,30,WAS,61,49,1659,285,594,0.48,0,1,0.0,285,593,0.48100000000000004,0.48,196,269,0.7290000000000001,101,306,407,177,55,37,139,171,766
George Hill,PG,26,IND,76,76,2620,386,871,0.44299999999999995,130,353,0.368,256,518,0.494,0.518,174,213,0.8170000000000001,47,237,284,355,81,26,116,134,1076
Grant Hill*,SF,40,LAC,29,0,437,38,98,0.38799999999999996,3,11,0.273,35,87,0.402,0.40299999999999997,14,24,0.583,6,43,49,26,11,7,25,39,93
Jordan Hill,PF,25,LAL,29,1,458,77,155,0.49700000000000005,0,2,0.0,77,153,0.503,0.49700000000000005,40,61,0.6559999999999999,82,84,166,13,8,19,26,55,194
Kirk Hinrich,PG,32,CHI,60,60,1764,159,422,0.377,71,182,0.39,88,240,0.36700000000000005,0.461,70,98,0.7140000000000001,16,142,158,314,63,25,99,192,459
Jrue Holiday,PG,22,PHI,78,78,2926,555,1288,0.431,91,247,0.368,464,1041,0.446,0.466,182,242,0.752,89,240,329,625,123,32,292,170,1383
Justin Holiday,SG,23,PHI,9,0,142,16,48,0.33299999999999996,4,16,0.25,12,32,0.375,0.375,6,8,0.75,0,14,14,15,3,6,9,7,42
Ryan Hollins,C,28,LAC,60,0,663,70,114,0.614,0,0,0.0,70,114,0.614,0.614,66,88,0.75,50,89,139,11,6,34,44,133,206
Tyler Honeycutt,SF,22,SAC,9,0,32,3,11,0.273,0,2,0.0,3,9,0.33299999999999996,0.273,2,2,1.0,3,7,10,2,0,1,5,2,8
Al Horford,C,26,ATL,74,74,2756,576,1060,0.5429999999999999,3,6,0.5,573,1054,0.544,0.545,134,208,0.644,195,562,757,240,78,78,147,163,1289
Dwight Howard,C,27,LAL,76,76,2722,470,813,0.578,1,6,0.16699999999999998,469,807,0.581,0.579,355,721,0.49200000000000005,251,694,945,108,84,186,225,291,1296
Josh Howard,SF,32,MIN,11,4,207,31,77,0.40299999999999997,5,16,0.313,26,61,0.426,0.435,7,12,0.583,9,27,36,4,10,3,10,18,74
Juwan Howard,PF,39,MIA,7,2,51,10,19,0.526,0,0,0.0,10,19,0.526,0.526,1,1,1.0,0,8,8,6,0,0,4,9,21
Kris Humphries,PF,27,BRK,65,21,1191,139,310,0.44799999999999995,0,2,0.0,139,308,0.451,0.44799999999999995,97,123,0.789,126,239,365,32,16,33,57,127,375
Serge Ibaka,PF,23,OKC,80,80,2486,446,778,0.573,20,57,0.35100000000000003,426,721,0.591,0.586,143,191,0.7490000000000001,222,395,617,43,28,242,125,213,1055
Andre Iguodala,SG,29,DEN,80,80,2779,396,879,0.451,91,287,0.317,305,592,0.515,0.502,155,270,0.574,82,341,423,433,139,52,206,127,1038
Ersan İlyasova,PF,25,MIL,73,54,2012,371,803,0.462,95,214,0.444,276,589,0.469,0.521,125,157,0.7959999999999999,154,366,520,117,68,36,75,185,962
Kyrie Irving,PG,20,CLE,59,59,2048,484,1070,0.452,109,279,0.391,375,791,0.474,0.503,248,290,0.855,34,182,216,350,89,21,191,146,1325
Royal Ivey,SG,31,PHI,53,5,698,62,144,0.431,37,88,0.42,25,56,0.446,0.5589999999999999,9,16,0.563,16,41,57,32,23,3,20,73,170
Jarrett Jack,SG,29,GSW,79,4,2349,387,857,0.452,82,203,0.40399999999999997,305,654,0.466,0.499,167,198,0.843,21,222,243,439,60,11,157,134,1023
Reggie Jackson,PG,22,OKC,70,0,993,149,325,0.45799999999999996,24,104,0.231,125,221,0.5660000000000001,0.495,52,62,0.8390000000000001,21,145,166,122,29,13,53,84,374
Stephen Jackson,SF,34,SAS,55,6,1075,123,330,0.373,46,170,0.271,77,160,0.48100000000000004,0.442,49,70,0.7,22,133,155,80,37,14,77,89,341
Bernard James,C,27,DAL,46,11,457,53,103,0.515,0,2,0.0,53,101,0.525,0.515,25,41,0.61,52,79,131,6,12,38,18,64,131
Damion James,SF,25,BRK,2,0,0,0,0,0.0,0,0,0.0,0,0,0.0,0.0,0,0,0.0,0,1,1,0,0,0,0,0,0
LeBron James,PF,28,MIA,76,76,2877,765,1354,0.565,103,254,0.406,662,1100,0.602,0.603,403,535,0.753,97,513,610,551,129,67,226,110,2036
Mike James,PG,37,DAL,45,23,862,101,271,0.373,48,125,0.384,53,146,0.363,0.461,23,29,0.7929999999999999,9,63,72,139,26,3,55,95,273
Antawn Jamison,PF,36,LAL,76,6,1636,267,575,0.46399999999999997,84,233,0.361,183,342,0.535,0.537,94,136,0.691,109,253,362,50,30,22,53,124,712
Al Jefferson,C,28,UTA,78,78,2578,611,1236,0.494,2,17,0.11800000000000001,609,1219,0.5,0.495,167,217,0.77,156,564,720,164,80,89,105,170,1391
Richard Jefferson,SF,32,GSW,56,1,568,62,136,0.456,14,45,0.311,48,91,0.527,0.507,38,53,0.7170000000000001,5,79,84,31,14,7,23,45,176
Jared Jeffries,PF,31,POR,38,0,350,16,54,0.29600000000000004,0,2,0.0,16,52,0.308,0.29600000000000004,12,23,0.522,26,34,60,14,6,6,17,58,44
Charles Jenkins,SG-PG,23,TOT,59,1,441,49,121,0.405,1,2,0.5,48,119,0.40299999999999997,0.409,12,22,0.545,8,24,32,44,15,2,21,22,111
John Jenkins,SG,21,ATL,61,2,902,131,294,0.446,53,138,0.384,78,156,0.5,0.536,59,70,0.843,17,77,94,56,12,10,40,37,374
Brandon Jennings,PG,23,MIL,80,80,2897,497,1247,0.39899999999999997,173,461,0.375,324,786,0.41200000000000003,0.46799999999999997,230,281,0.8190000000000001,59,187,246,521,125,10,203,155,1397
Jonas Jerebko,PF,25,DET,49,2,892,142,316,0.449,25,83,0.301,117,233,0.502,0.489,68,88,0.773,68,117,185,43,38,8,42,90,377
Amir Johnson,PF,25,TOR,81,38,2325,336,606,0.5539999999999999,5,13,0.385,331,593,0.5579999999999999,0.5589999999999999,136,187,0.727,227,384,611,122,81,110,117,301,813
Chris Johnson,C,27,MIN,30,0,284,48,75,0.64,0,0,0.0,48,75,0.64,0.64,21,34,0.618,20,40,60,8,7,28,13,49,117
Chris Johnson,SF,22,MEM,8,0,102,11,25,0.44,6,18,0.33299999999999996,5,7,0.7140000000000001,0.56,1,2,0.5,5,6,11,2,4,0,3,5,29
Ivan Johnson,PF,28,ATL,69,5,1035,185,356,0.52,1,13,0.077,184,343,0.536,0.521,81,131,0.618,76,190,266,46,56,14,71,131,452
James Johnson,SF,25,SAC,54,11,878,117,283,0.413,2,21,0.095,115,262,0.439,0.41700000000000004,40,67,0.597,49,96,145,58,41,50,68,99,276
Joe Johnson,SG,31,BRK,72,72,2642,445,1052,0.423,148,395,0.375,297,657,0.452,0.493,132,161,0.82,53,165,218,253,49,14,123,99,1170
Orlando Johnson,SG,23,IND,51,0,619,72,180,0.4,36,94,0.38299999999999995,36,86,0.419,0.5,23,32,0.7190000000000001,20,90,110,47,11,9,29,51,203
Wesley Johnson,SF,25,PHO,50,21,953,161,396,0.40700000000000003,50,155,0.32299999999999995,111,241,0.461,0.47,27,35,0.7709999999999999,21,102,123,34,22,18,48,56,399
Darius Johnson-Odom,SG,23,LAL,4,0,6,0,4,0.0,0,1,0.0,0,3,0.0,0.0,0,0,0.0,1,3,4,1,0,0,0,0,0
Dahntay Jones,SF,32,TOT,78,19,1016,82,222,0.369,11,49,0.22399999999999998,71,173,0.41,0.39399999999999996,87,113,0.77,24,77,101,48,22,6,38,119,262
DeQuan Jones,SF,22,ORL,63,17,803,95,218,0.436,9,35,0.257,86,183,0.47,0.456,34,51,0.667,17,88,105,16,19,22,30,55,233
Dominique Jones,PG,24,DAL,29,3,338,40,109,0.36700000000000005,1,9,0.111,39,100,0.39,0.37200000000000005,35,53,0.66,18,27,45,83,14,2,38,29,116
James Jones,SF,32,MIA,38,0,221,21,61,0.344,16,53,0.302,5,8,0.625,0.475,2,4,0.5,0,22,22,13,2,6,3,16,60
Kevin Jones,PF,23,CLE,32,0,334,43,107,0.402,0,0,0.0,43,107,0.402,0.402,9,15,0.6,38,40,78,10,9,5,8,25,95
Perry Jones,SF,21,OKC,38,1,280,39,99,0.39399999999999996,0,2,0.0,39,97,0.402,0.39399999999999996,10,15,0.667,12,50,62,10,5,6,15,23,88
Solomon Jones,PF,28,NYK,2,1,26,0,1,0.0,0,0,0.0,0,1,0.0,0.0,0,0,0.0,1,2,3,0,0,1,3,3,0
Terrence Jones,PF,21,HOU,19,0,276,43,94,0.457,5,19,0.263,38,75,0.507,0.484,13,17,0.765,28,37,65,15,12,19,13,21,104
DeAndre Jordan,C,24,LAC,82,82,2010,314,488,0.643,0,0,0.0,314,488,0.643,0.643,96,249,0.386,210,384,594,28,48,112,100,192,724
Cory Joseph,PG,21,SAS,28,9,388,51,110,0.46399999999999997,6,21,0.28600000000000003,45,89,0.506,0.491,18,21,0.857,12,40,52,53,15,4,21,25,126
Kris Joseph,SF,24,TOT,10,0,54,2,14,0.14300000000000002,0,3,0.0,2,11,0.182,0.14300000000000002,5,8,0.625,1,6,7,1,3,0,2,3,9
Chris Kaman,C,30,DAL,66,52,1363,313,617,0.507,0,1,0.0,313,616,0.508,0.507,67,85,0.7879999999999999,97,275,372,51,29,52,103,141,693
Enes Kanter,C,20,UTA,70,2,1078,206,379,0.544,1,1,1.0,205,378,0.542,0.545,93,117,0.795,135,169,304,31,28,32,101,116,506
Jason Kidd*,SG,39,NYK,76,48,2043,152,409,0.37200000000000005,114,325,0.35100000000000003,38,84,0.452,0.511,40,48,0.833,50,273,323,249,125,25,76,125,458
Michael Kidd-Gilchrist,SF,19,CHA,78,77,2025,281,613,0.45799999999999996,2,9,0.222,279,604,0.462,0.46,140,187,0.7490000000000001,131,324,455,117,54,70,101,164,704
Andrei Kirilenko,SF,31,MIN,64,64,2034,284,560,0.507,35,120,0.292,249,440,0.5660000000000001,0.5379999999999999,188,250,0.752,102,260,362,177,96,62,119,82,791
Linas Kleiza,SF,28,TOR,20,3,376,48,144,0.33299999999999996,20,66,0.303,28,78,0.359,0.40299999999999997,32,38,0.8420000000000001,10,42,52,16,4,2,14,45,148
Brandon Knight,PG,21,DET,75,75,2365,357,878,0.40700000000000003,120,327,0.36700000000000005,237,551,0.43,0.475,165,225,0.733,54,193,247,303,58,8,205,157,999
Kyle Korver,SF,31,ATL,74,60,2259,277,601,0.461,189,414,0.457,88,187,0.47100000000000003,0.618,67,78,0.8590000000000001,23,270,293,146,70,37,70,170,810
Kosta Koufos,C,23,DEN,81,81,1817,295,508,0.581,0,1,0.0,295,507,0.5820000000000001,0.581,58,104,0.5579999999999999,211,351,562,32,44,103,53,246,648
Viacheslav Kravtsov,C,25,DET,25,0,224,33,46,0.7170000000000001,0,0,0.0,33,46,0.7170000000000001,0.7170000000000001,11,37,0.297,24,21,45,9,5,9,14,32,77
Doron Lamb,SG,21,TOT,47,0,577,60,163,0.368,14,37,0.37799999999999995,46,126,0.365,0.41100000000000003,20,34,0.588,8,38,46,32,13,0,26,52,154
Jeremy Lamb,SF,20,OKC,23,0,147,24,68,0.353,9,30,0.3,15,38,0.395,0.419,14,14,1.0,5,13,18,5,2,2,6,13,71
Carl Landry,PF,29,GSW,81,2,1876,325,602,0.54,1,3,0.33299999999999996,324,599,0.541,0.541,223,273,0.8170000000000001,180,303,483,65,35,31,115,190,874
Ty Lawson,PG,25,DEN,73,71,2513,448,971,0.461,85,232,0.366,363,739,0.491,0.505,235,311,0.7559999999999999,36,162,198,501,107,8,182,135,1216
Courtney Lee,SG,27,BOS,78,39,1941,246,530,0.46399999999999997,58,156,0.37200000000000005,188,374,0.503,0.519,62,72,0.861,31,159,190,143,89,21,84,139,612
David Lee,PF,29,GSW,79,79,2907,602,1160,0.519,0,4,0.0,602,1156,0.521,0.519,255,320,0.797,218,668,886,279,67,22,207,246,1459
Malcolm Lee,SG,22,MIN,16,12,289,29,76,0.382,8,24,0.33299999999999996,21,52,0.40399999999999997,0.434,12,20,0.6,15,24,39,20,12,6,10,30,78
Kawhi Leonard,SF,21,SAS,58,57,1810,260,526,0.494,65,174,0.374,195,352,0.5539999999999999,0.556,104,126,0.825,63,283,346,93,97,32,62,99,689
Meyers Leonard,C,20,POR,69,9,1206,151,277,0.545,3,7,0.429,148,270,0.5479999999999999,0.551,72,89,0.809,80,175,255,33,11,38,49,168,377
Jon Leuer,PF-C,23,TOT,28,0,187,25,52,0.48100000000000004,0,3,0.0,25,49,0.51,0.48100000000000004,6,13,0.462,13,24,37,8,6,0,8,21,56
Rashard Lewis,PF,33,MIA,55,9,792,103,249,0.414,51,131,0.389,52,118,0.441,0.516,28,45,0.622,19,102,121,30,21,14,33,67,285
DeAndre Liggins,SG,24,OKC,39,1,290,21,47,0.447,7,19,0.368,14,28,0.5,0.521,9,18,0.5,13,40,53,15,18,3,14,33,58
Damian Lillard,PG,22,POR,82,82,3167,553,1288,0.429,185,503,0.368,368,785,0.469,0.501,271,321,0.8440000000000001,42,215,257,531,74,19,243,172,1562
Jeremy Lin,PG,24,HOU,82,82,2640,396,897,0.441,87,257,0.33899999999999997,309,640,0.483,0.49,216,275,0.785,32,215,247,497,134,29,236,205,1095
Shaun Livingston,PG,27,TOT,66,16,1455,166,346,0.48,0,4,0.0,166,342,0.485,0.48,85,98,0.867,31,127,158,215,48,31,76,127,417
Brook Lopez,C,24,BRK,74,74,2253,570,1094,0.521,0,1,0.0,570,1093,0.522,0.521,297,392,0.758,208,304,512,70,33,154,131,152,1437
Robin Lopez,C,24,NOH,82,82,2136,384,719,0.534,0,0,0.0,384,719,0.534,0.534,161,207,0.778,226,236,462,64,32,128,110,167,929
Kevin Love,PF,24,MIN,18,18,618,105,298,0.35200000000000004,20,92,0.217,85,206,0.413,0.386,100,142,0.7040000000000001,64,188,252,42,13,9,39,34,330
Kyle Lowry,PG,26,TOR,68,52,2020,250,623,0.401,101,279,0.36200000000000004,149,344,0.433,0.48200000000000004,190,239,0.795,56,265,321,435,94,24,157,218,791
John Lucas III,PG,30,TOR,63,0,827,129,334,0.386,57,151,0.377,72,183,0.39299999999999996,0.47200000000000003,18,25,0.72,8,57,65,105,23,1,26,50,333
Scott Machado,PG,22,HOU,6,0,21,3,6,0.5,0,1,0.0,3,5,0.6,0.5,2,2,1.0,0,1,1,6,2,0,8,0,8
Shelvin Mack,PG-SG,22,TOT,31,3,416,58,126,0.46,18,49,0.36700000000000005,40,77,0.519,0.532,9,16,0.563,3,37,40,68,15,0,34,39,143
Corey Maggette,SF,33,DET,18,0,257,27,76,0.355,5,21,0.23800000000000002,22,55,0.4,0.38799999999999996,36,48,0.75,5,20,25,19,6,2,17,42,95
Ian Mahinmi,C,26,IND,80,2,1322,149,329,0.45299999999999996,0,2,0.0,149,327,0.456,0.45299999999999996,104,171,0.608,115,196,311,27,39,66,92,201,402
Shawn Marion,PF,34,DAL,67,67,2010,355,690,0.514,23,73,0.315,332,617,0.5379999999999999,0.531,79,101,0.782,146,379,525,163,75,47,103,111,812
Kendall Marshall,PG,21,PHO,48,3,702,56,151,0.371,23,73,0.315,33,78,0.423,0.447,8,14,0.5710000000000001,4,38,42,143,22,4,57,48,143
Cartier Martin,SF,28,WAS,41,3,694,96,252,0.381,58,146,0.397,38,106,0.358,0.496,20,28,0.7140000000000001,11,89,100,20,19,6,32,58,270
Kenyon Martin,C,35,NYK,18,11,431,56,93,0.602,0,0,0.0,56,93,0.602,0.602,17,40,0.425,34,61,95,8,16,17,16,64,129
Kevin Martin,SG,29,OKC,77,0,2136,350,778,0.45,158,371,0.426,192,407,0.47200000000000003,0.551,219,246,0.89,31,147,178,106,72,8,101,138,1077
Roger Mason,SG,32,NOH,69,13,1219,132,305,0.433,66,159,0.415,66,146,0.452,0.541,39,43,0.907,11,121,132,74,26,11,51,104,369
Wesley Matthews,SG,26,POR,69,69,2403,352,808,0.436,169,425,0.39799999999999996,183,383,0.478,0.54,149,187,0.797,35,156,191,174,90,18,109,172,1022
Jason Maxiell,PF,29,DET,72,71,1789,204,457,0.446,0,0,0.0,204,457,0.446,0.446,90,145,0.621,135,274,409,54,32,95,81,172,498
Eric Maynor,PG-SG,25,TOT,64,0,963,106,281,0.377,34,96,0.354,72,185,0.389,0.43799999999999994,45,62,0.726,9,37,46,182,22,1,79,55,291
O.J. Mayo,SG,25,DAL,82,82,2913,461,1026,0.449,142,349,0.40700000000000003,319,677,0.47100000000000003,0.519,191,233,0.82,36,255,291,361,93,23,210,195,1255
Luc Mbah a Moute,SF,26,MIL,58,45,1326,151,377,0.401,13,37,0.35100000000000003,138,340,0.406,0.418,72,126,0.5710000000000001,89,167,256,55,42,14,70,82,387
JaVale McGee,C,25,DEN,79,0,1433,303,527,0.575,1,1,1.0,302,526,0.574,0.5760000000000001,110,186,0.591,158,223,381,24,30,157,90,184,717
Dominic McGuire,SF,27,TOT,26,10,387,24,56,0.429,0,0,0.0,24,56,0.429,0.429,3,10,0.3,19,59,78,20,13,11,12,39,51
Josh McRoberts,PF,25,TOT,67,22,1487,156,343,0.455,24,84,0.28600000000000003,132,259,0.51,0.49,65,85,0.765,93,232,325,141,32,27,66,131,401
Jodie Meeks,SG,25,LAL,78,10,1663,205,530,0.387,122,342,0.35700000000000004,83,188,0.441,0.502,86,96,0.8959999999999999,37,134,171,69,58,5,52,103,618
Fab Melo,C,22,BOS,6,0,36,3,6,0.5,0,0,0.0,3,6,0.5,0.5,1,4,0.25,0,3,3,0,2,2,1,7,7
Khris Middleton,SG,21,DET,27,0,475,62,141,0.44,14,45,0.311,48,96,0.5,0.489,27,32,0.8440000000000001,4,46,50,28,15,4,11,53,165
C.J. Miles,SF,25,CLE,65,13,1364,255,614,0.415,126,328,0.384,129,286,0.451,0.518,93,107,0.8690000000000001,24,150,174,63,49,17,69,138,729
Darko Miličić,C,27,BOS,1,0,5,0,1,0.0,0,0,0.0,0,1,0.0,0.0,0,0,0.0,0,1,1,0,0,0,2,1,0
Andre Miller,PG,36,DEN,82,11,2151,303,632,0.479,17,64,0.266,286,568,0.504,0.493,163,194,0.84,60,178,238,484,73,11,172,159,786
Darius Miller,SF,22,NOH,52,2,694,44,108,0.40700000000000003,22,56,0.39299999999999996,22,52,0.423,0.509,8,8,1.0,8,70,78,44,17,12,23,89,118
Mike Miller,SF,32,MIA,59,17,900,100,231,0.433,73,175,0.41700000000000004,27,56,0.48200000000000004,0.591,8,11,0.727,18,139,157,99,21,4,35,63,281
Quincy Miller,PF,20,DEN,7,0,26,4,12,0.33299999999999996,0,1,0.0,4,11,0.364,0.33299999999999996,1,2,0.5,1,1,2,3,1,0,1,3,9
Patty Mills,PG,24,SAS,58,2,656,113,241,0.469,52,130,0.4,61,111,0.55,0.5770000000000001,16,19,0.8420000000000001,9,41,50,62,26,4,39,55,294
Paul Millsap,PF,27,UTA,78,78,2375,429,875,0.49,13,39,0.33299999999999996,416,836,0.498,0.498,264,356,0.742,177,377,554,201,102,80,138,232,1135
Nazr Mohammed,C,35,CHI,63,12,693,66,180,0.36700000000000005,0,2,0.0,66,178,0.371,0.36700000000000005,34,47,0.723,73,122,195,26,21,32,24,97,166
Greg Monroe,C,22,DET,81,81,2687,514,1058,0.486,0,4,0.0,514,1054,0.488,0.486,270,392,0.6890000000000001,236,541,777,281,105,55,234,190,1298
E'Twaun Moore,SG,23,ORL,75,21,1682,237,598,0.396,67,197,0.34,170,401,0.424,0.452,47,59,0.797,48,119,167,206,51,23,105,122,588
Darius Morris,PG,22,LAL,48,17,683,73,188,0.38799999999999996,24,66,0.364,49,122,0.402,0.452,24,37,0.649,24,33,57,76,21,2,45,58,194
Marcus Morris,PF-SF,23,TOT,77,23,1524,222,526,0.42200000000000004,86,233,0.369,136,293,0.46399999999999997,0.504,66,117,0.564,80,197,277,62,45,20,77,160,596
Markieff Morris,PF,23,PHO,82,32,1837,266,653,0.40700000000000003,45,134,0.336,221,519,0.426,0.442,93,127,0.732,131,265,396,108,77,64,104,209,670
Anthony Morrow,SG,27,TOT,41,1,383,64,145,0.441,16,43,0.37200000000000005,48,102,0.47100000000000003,0.49700000000000005,20,22,0.909,11,19,30,13,13,1,8,43,164
Donatas Motiejūnas,PF,22,HOU,44,14,538,97,213,0.455,24,83,0.289,73,130,0.562,0.512,32,51,0.627,36,57,93,31,7,10,37,73,250
Arnett Moultrie,PF,22,PHI,47,0,542,78,134,0.5820000000000001,0,0,0.0,78,134,0.5820000000000001,0.5820000000000001,18,28,0.643,76,69,145,10,17,10,19,43,174
Timofey Mozgov,C,26,DEN,41,1,366,44,87,0.506,0,2,0.0,44,85,0.518,0.506,20,26,0.769,50,57,107,9,6,18,25,57,108
Byron Mullens,PF,23,CHA,53,41,1428,217,563,0.385,66,208,0.317,151,355,0.425,0.444,64,99,0.6459999999999999,71,266,337,81,34,32,74,110,564
Kevin Murphy,SG,22,UTA,17,0,52,7,28,0.25,1,5,0.2,6,23,0.261,0.268,0,0,0.0,0,4,4,2,1,0,3,4,15
Troy Murphy,PF,32,DAL,14,1,256,22,61,0.361,11,35,0.314,11,26,0.423,0.451,10,11,0.909,7,42,49,7,10,6,7,29,65
Steve Nash*,PG,38,LAL,50,50,1627,236,475,0.49700000000000005,57,130,0.43799999999999994,179,345,0.519,0.557,107,116,0.922,26,116,142,333,30,5,126,70,636
Gary Neal,SG,28,SAS,68,17,1484,246,597,0.41200000000000003,89,251,0.355,157,346,0.45399999999999996,0.48700000000000004,64,74,0.865,13,130,143,129,30,2,69,93,645
Jameer Nelson,PG,30,ORL,56,56,1977,306,780,0.392,121,355,0.341,185,425,0.435,0.47,89,102,0.873,23,186,209,413,71,6,154,161,822
Andrew Nicholson,PF,23,ORL,75,28,1249,256,486,0.527,0,0,0.0,256,486,0.527,0.527,75,94,0.7979999999999999,69,189,258,44,24,32,79,133,587
Joakim Noah,C,27,CHI,66,64,2426,303,630,0.48100000000000004,0,5,0.0,303,625,0.485,0.48100000000000004,178,237,0.7509999999999999,260,473,733,262,78,141,176,185,784
Steve Novak,SF,29,NYK,81,1,1641,178,430,0.414,149,351,0.425,29,79,0.36700000000000005,0.5870000000000001,30,33,0.909,17,135,152,35,28,8,12,97,535
Dirk Nowitzki,PF,34,DAL,53,47,1661,343,728,0.47100000000000003,65,157,0.414,278,571,0.48700000000000004,0.516,166,193,0.86,37,326,363,132,38,37,70,93,917
Jermaine O'Neal,C,34,PHO,55,4,1029,179,371,0.48200000000000004,0,0,0.0,179,371,0.48200000000000004,0.48200000000000004,96,115,0.835,82,211,293,42,19,78,73,126,454
Kyle O'Quinn,C,22,ORL,57,5,638,101,197,0.513,0,1,0.0,101,196,0.515,0.513,30,45,0.667,65,144,209,52,11,26,37,107,232
Lamar Odom,PF,33,LAC,82,2,1616,146,366,0.39899999999999997,18,90,0.2,128,276,0.46399999999999997,0.423,20,42,0.47600000000000003,117,363,480,142,69,58,86,214,330
Tim Ohlbrecht,C,24,HOU,3,0,12,1,3,0.33299999999999996,0,0,0.0,1,3,0.33299999999999996,0.33299999999999996,1,1,1.0,0,1,1,1,1,0,4,1,3
Emeka Okafor,C,30,WAS,79,77,2052,328,687,0.47700000000000004,0,0,0.0,328,687,0.47700000000000004,0.47700000000000004,109,191,0.5710000000000001,199,493,692,93,45,77,107,145,765
Daniel Orton,C,22,OKC,13,0,104,12,26,0.462,0,0,0.0,12,26,0.462,0.462,9,17,0.529,13,13,26,4,4,3,4,13,33
Travis Outlaw,SF,28,SAC,38,2,444,74,177,0.418,14,50,0.28,60,127,0.47200000000000003,0.45799999999999996,38,52,0.731,17,44,61,21,11,8,19,35,200
Zaza Pachulia,C,28,ATL,52,15,1134,114,241,0.473,0,3,0.0,114,238,0.479,0.473,78,103,0.757,132,204,336,79,35,12,70,128,306
Jannero Pargo,PG,33,TOT,32,0,507,78,212,0.368,39,116,0.336,39,96,0.406,0.46,12,13,0.9229999999999999,10,25,35,67,18,3,41,42,207
Jeremy Pargo,PG-SG,26,TOT,39,11,655,99,250,0.396,25,74,0.33799999999999997,74,176,0.42,0.446,42,62,0.677,8,41,49,92,13,2,50,46,265
Tony Parker,PG,30,SAS,66,66,2174,519,995,0.522,24,68,0.353,495,927,0.534,0.534,279,330,0.845,18,180,198,499,54,6,170,92,1341
Chandler Parsons,SF,24,HOU,76,76,2758,456,939,0.486,152,395,0.385,304,544,0.5589999999999999,0.5670000000000001,113,155,0.7290000000000001,79,325,404,269,75,32,147,148,1177
Patrick Patterson,PF,23,TOT,71,41,1775,319,623,0.512,51,132,0.386,268,491,0.546,0.5529999999999999,48,63,0.762,113,224,337,81,31,40,61,138,737
Chris Paul,PG,27,LAC,70,70,2335,412,856,0.48100000000000004,76,232,0.32799999999999996,336,624,0.5379999999999999,0.526,286,323,0.885,53,209,262,678,169,10,159,143,1186
Sasha Pavlović,SG,29,POR,39,1,528,42,119,0.353,18,60,0.3,24,59,0.40700000000000003,0.429,1,6,0.16699999999999998,7,49,56,32,24,5,14,59,103
Nikola Peković,C,27,MIN,62,62,1959,385,741,0.52,0,0,0.0,385,741,0.52,0.52,241,324,0.7440000000000001,230,315,545,53,43,50,101,143,1011
Kendrick Perkins,C,28,OKC,78,78,1954,143,313,0.457,0,1,0.0,143,312,0.45799999999999996,0.457,44,72,0.611,110,356,466,111,43,83,109,227,330
Johan Petro,C,27,ATL,31,8,352,48,110,0.436,1,4,0.25,47,106,0.44299999999999995,0.441,11,12,0.917,33,79,112,16,10,9,24,48,108
Paul Pierce,SF,35,BOS,77,77,2575,476,1092,0.436,145,382,0.38,331,710,0.466,0.502,333,423,0.787,45,442,487,370,84,30,214,210,1430
Mickaël Piétrus,SF,30,TOR,19,16,386,34,98,0.34700000000000003,20,64,0.313,14,34,0.41200000000000003,0.449,12,18,0.667,5,31,36,9,12,6,16,33,100
Dexter Pittman,C,24,TOT,11,0,32,4,11,0.364,0,0,0.0,4,11,0.364,0.364,0,3,0.0,7,5,12,0,0,0,3,8,8
Miles Plumlee,C,24,IND,14,0,55,5,21,0.23800000000000002,0,0,0.0,5,21,0.23800000000000002,0.23800000000000002,3,4,0.75,12,10,22,2,0,3,3,5,13
Quincy Pondexter,SF,24,MEM,59,1,1243,128,299,0.428,60,152,0.395,68,147,0.46299999999999997,0.528,59,75,0.787,43,89,132,61,35,6,42,95,375
A.J. Price,PG,26,WAS,57,22,1278,161,413,0.39,70,200,0.35,91,213,0.42700000000000005,0.475,49,62,0.79,20,94,114,205,33,3,64,73,441
Ronnie Price,PG,29,POR,39,0,510,39,120,0.325,10,39,0.256,29,81,0.358,0.36700000000000005,17,24,0.708,13,31,44,73,26,3,34,61,105
Pablo Prigioni,PG,35,NYK,78,18,1263,100,220,0.455,53,134,0.396,47,86,0.547,0.575,22,25,0.88,41,102,143,236,69,2,86,127,275
Tayshaun Prince,SF,32,TOT,82,81,2631,359,820,0.43799999999999994,38,94,0.40399999999999997,321,726,0.442,0.461,96,130,0.738,72,292,364,196,48,25,89,86,852
Joel Przybilla,C,33,MIL,12,1,68,1,4,0.25,0,0,0.0,1,4,0.25,0.25,0,2,0.0,5,16,21,4,1,2,4,10,2
Chris Quinn,SG,29,CLE,7,0,78,4,16,0.25,0,5,0.0,4,11,0.364,0.25,2,2,1.0,1,1,2,9,3,0,6,4,10
Vladimir Radmanović,PF,32,CHI,25,0,144,13,43,0.302,5,27,0.185,8,16,0.5,0.36,2,3,0.667,10,18,28,8,8,4,7,29,33
Anthony Randolph,PF,23,DEN,39,0,329,56,114,0.491,0,8,0.0,56,106,0.528,0.491,31,45,0.6890000000000001,29,66,95,12,19,21,37,41,143
Shavlik Randolph,PF,29,BOS,16,0,198,28,48,0.583,0,0,0.0,28,48,0.583,0.583,11,27,0.40700000000000003,28,42,70,4,8,7,10,38,67
Zach Randolph,PF,31,MEM,76,75,2607,471,1024,0.46,2,23,0.087,469,1001,0.469,0.461,225,300,0.75,310,544,854,108,61,31,150,180,1169
J.J. Redick,SG,28,TOT,78,13,2379,382,880,0.434,165,451,0.366,217,429,0.506,0.528,171,190,0.9,17,154,171,296,38,9,138,117,1100
Jason Richardson,SG,32,PHI,33,33,936,135,336,0.402,57,167,0.341,78,169,0.462,0.48700000000000004,20,33,0.606,19,108,127,51,40,15,26,57,347
Quentin Richardson,SF,32,NYK,1,0,29,1,11,0.091,1,4,0.25,0,7,0.0,0.136,2,2,1.0,5,5,10,1,0,0,2,1,5
Luke Ridnour,SG,31,MIN,82,82,2474,367,811,0.45299999999999996,66,212,0.311,301,599,0.503,0.493,139,164,0.848,41,165,206,311,82,15,130,187,939
Austin Rivers,SG,20,NOH,61,26,1418,145,390,0.37200000000000005,28,86,0.326,117,304,0.385,0.408,59,108,0.546,16,93,109,127,26,9,74,122,377
Brian Roberts,PG,27,NOH,78,5,1324,213,511,0.41700000000000004,59,153,0.386,154,358,0.43,0.475,70,77,0.909,17,80,97,219,37,3,71,108,555
Nate Robinson,PG,28,CHI,82,23,2086,399,921,0.433,141,348,0.405,258,573,0.45,0.51,135,169,0.799,29,155,184,358,85,10,144,207,1074
Thomas Robinson,PF,21,TOT,70,0,1056,138,321,0.43,0,1,0.0,138,320,0.431,0.43,57,109,0.523,122,193,315,46,41,26,88,124,333
Rajon Rondo,PG,26,BOS,38,38,1423,225,465,0.484,12,50,0.24,213,415,0.513,0.49700000000000005,60,93,0.645,43,169,212,420,70,9,148,96,522
Terrence Ross,SG,21,TOR,73,2,1239,186,457,0.40700000000000003,65,196,0.332,121,261,0.46399999999999997,0.478,30,42,0.7140000000000001,35,109,144,53,43,14,48,122,467
Brandon Roy,SG,28,MIN,5,5,122,11,35,0.314,0,9,0.0,11,26,0.423,0.314,7,10,0.7,3,11,14,23,3,0,7,5,29
Ricky Rubio,PG,22,MIN,57,47,1691,185,514,0.36,27,92,0.293,158,422,0.374,0.386,211,264,0.799,44,185,229,418,137,5,172,143,608
Brandon Rush,SF,27,GSW,2,0,25,6,9,0.667,0,2,0.0,6,7,0.857,0.667,2,3,0.667,0,1,1,2,0,0,3,5,14
Robert Sacre,C,23,LAL,32,3,203,18,48,0.375,0,0,0.0,18,48,0.375,0.375,7,11,0.636,9,25,34,6,0,10,10,38,43
John Salmons,SF,33,SAC,76,72,2278,244,612,0.39899999999999997,99,267,0.371,145,345,0.42,0.48,85,110,0.773,33,174,207,226,51,25,85,143,672
Samardo Samuels,C,24,CLE,18,1,196,22,60,0.36700000000000005,0,1,0.0,22,59,0.373,0.36700000000000005,14,24,0.583,10,18,28,8,3,3,6,30,58
Larry Sanders,C,24,MIL,71,55,1937,306,605,0.506,0,2,0.0,306,603,0.507,0.506,84,136,0.618,224,448,672,83,53,201,87,233,696
Luis Scola,PF,32,PHO,82,67,2184,432,915,0.47200000000000003,3,16,0.188,429,899,0.47700000000000004,0.474,181,230,0.787,158,383,541,182,67,35,126,257,1048
Mike Scott,PF,24,ATL,40,1,376,70,147,0.47600000000000003,0,1,0.0,70,146,0.479,0.47600000000000003,43,56,0.768,39,71,110,12,4,2,21,32,183
Thabo Sefolosha,SG,28,OKC,81,81,2229,224,466,0.48100000000000004,108,258,0.419,116,208,0.5579999999999999,0.597,57,69,0.826,58,259,317,125,103,44,64,177,613
Josh Selby,PG,21,MEM,10,0,59,6,22,0.273,1,6,0.16699999999999998,5,16,0.313,0.295,7,11,0.636,0,5,5,4,2,0,7,7,20
Kevin Séraphin,C,23,WAS,79,8,1721,330,716,0.461,0,0,0.0,330,716,0.461,0.461,61,88,0.693,107,239,346,57,24,59,130,211,721
Ramon Sessions,SG,26,CHA,61,0,1652,276,676,0.408,33,107,0.308,243,569,0.42700000000000005,0.433,291,347,0.8390000000000001,27,142,169,230,48,7,104,91,876
Tornike Shengelia,SF,21,BRK,19,0,93,10,23,0.435,1,2,0.5,9,21,0.429,0.457,9,16,0.563,9,14,23,3,3,1,11,11,30
Iman Shumpert,SG,22,NYK,45,45,996,109,275,0.396,51,127,0.402,58,148,0.392,0.489,36,47,0.7659999999999999,31,105,136,75,43,7,37,99,305
Alexey Shved,SG,24,MIN,77,16,1840,236,635,0.37200000000000005,85,288,0.295,151,347,0.435,0.439,108,150,0.72,41,134,175,286,54,27,147,117,665
Henry Sims,C,22,NOH,2,0,5,2,3,0.667,0,0,0.0,2,3,0.667,0.667,0,0,0.0,2,0,2,0,0,0,1,1,4
Kyle Singler,SF,24,DET,82,74,2293,275,642,0.428,70,200,0.35,205,442,0.46399999999999997,0.483,100,124,0.8059999999999999,109,221,330,77,57,37,98,217,720
Chris Singleton,PF,23,WAS,57,11,924,92,241,0.382,7,36,0.19399999999999998,85,205,0.415,0.396,40,70,0.5710000000000001,51,133,184,37,38,24,45,124,231
Donald Sloan,SG-PG,25,TOT,23,0,263,27,78,0.34600000000000003,7,19,0.368,20,59,0.33899999999999997,0.391,20,25,0.8,3,25,28,38,5,0,14,17,81
Greg Smith,C,22,HOU,70,10,1110,170,274,0.62,0,1,0.0,170,273,0.623,0.62,81,130,0.623,111,210,321,25,18,40,41,175,421
Ish Smith,PG,24,TOT,52,3,516,56,159,0.35200000000000004,8,27,0.29600000000000004,48,132,0.364,0.377,3,7,0.429,12,49,61,87,21,9,37,26,123
J.R. Smith,SG,27,NYK,80,0,2678,527,1249,0.42200000000000004,155,436,0.35600000000000004,372,813,0.45799999999999996,0.484,237,311,0.762,64,361,425,218,100,24,134,226,1446
Jason Smith,C,26,NOH,51,0,876,167,341,0.49,0,4,0.0,167,337,0.496,0.49,86,102,0.843,64,122,186,34,15,45,55,123,420
Josh Smith,PF,27,ATL,76,76,2683,550,1182,0.465,61,201,0.303,489,981,0.498,0.491,166,321,0.517,133,506,639,321,94,136,226,175,1327
Nolan Smith,PG,24,POR,40,0,288,42,114,0.368,6,28,0.214,36,86,0.419,0.395,20,28,0.7140000000000001,7,20,27,35,7,1,29,26,110
Marreese Speights,C,25,TOT,79,3,1300,260,584,0.445,3,10,0.3,257,574,0.44799999999999995,0.44799999999999995,135,175,0.7709999999999999,146,240,386,47,24,53,80,175,658
Tiago Splitter,PF,28,SAS,81,58,1997,315,563,0.56,0,2,0.0,315,561,0.561,0.56,208,285,0.73,144,371,515,130,63,64,100,161,838
Jerry Stackhouse,SF,38,BRK,37,0,544,66,172,0.384,30,89,0.337,36,83,0.434,0.47100000000000003,20,23,0.87,5,28,33,35,7,4,24,31,182
Lance Stephenson,SG,22,IND,78,72,2278,275,598,0.46,62,188,0.33,213,410,0.52,0.512,75,115,0.652,47,257,304,223,81,16,109,162,687
DeShawn Stevenson,SG,31,ATL,56,31,1158,98,262,0.374,76,209,0.364,22,53,0.415,0.519,12,23,0.522,18,104,122,52,29,6,23,69,284
Greg Stiemsma,C,27,MIN,76,19,1209,127,278,0.457,0,0,0.0,127,278,0.457,0.457,53,69,0.768,61,200,261,30,44,90,59,184,307
Julyan Stone,PG,24,DEN,4,0,28,2,2,1.0,0,0,0.0,2,2,1.0,1.0,3,4,0.75,2,1,3,2,1,0,2,4,7
Amar'e Stoudemire,PF,30,NYK,29,0,682,154,267,0.5770000000000001,0,0,0.0,154,267,0.5770000000000001,0.5770000000000001,105,130,0.8079999999999999,60,85,145,13,10,21,50,89,413
Rodney Stuckey,SG,26,DET,76,24,2171,304,748,0.406,55,182,0.302,249,566,0.44,0.44299999999999995,213,272,0.7829999999999999,43,169,212,270,51,17,134,127,876
Jared Sullinger,PF,20,BOS,45,5,892,111,225,0.493,1,5,0.2,110,220,0.5,0.496,47,63,0.746,92,172,264,35,22,22,29,154,270
DaJuan Summers,PF,25,LAC,2,0,7,1,4,0.25,0,0,0.0,1,4,0.25,0.25,0,0,0.0,0,2,2,1,0,0,0,0,2
Jeffery Taylor,SF,23,CHA,77,29,1507,172,399,0.431,53,154,0.344,119,245,0.486,0.49700000000000005,75,103,0.728,51,99,150,63,47,15,48,136,472
Tyshawn Taylor,PG,22,BRK,38,0,221,32,87,0.368,6,13,0.462,26,74,0.35100000000000003,0.402,15,27,0.556,2,16,18,21,13,0,25,25,85
Jeff Teague,PG,24,ATL,80,78,2628,439,974,0.451,89,248,0.359,350,726,0.48200000000000004,0.496,199,226,0.8809999999999999,25,155,180,579,117,28,230,181,1166
Marquis Teague,PG,19,CHI,48,0,392,43,113,0.381,4,23,0.174,39,90,0.433,0.39799999999999996,9,16,0.563,3,41,44,63,9,7,35,47,99
Mirza Teletović,PF,27,BRK,53,0,499,71,185,0.384,37,108,0.34299999999999997,34,77,0.442,0.484,9,11,0.818,33,62,95,23,13,8,20,53,188
Sebastian Telfair,PG,27,TOT,59,2,980,112,309,0.36200000000000004,53,150,0.353,59,159,0.371,0.44799999999999995,54,69,0.7829999999999999,13,71,84,153,37,11,64,104,331
Garrett Temple,SG,26,WAS,51,36,1156,105,258,0.40700000000000003,26,80,0.325,79,178,0.444,0.457,26,37,0.703,29,94,123,115,50,17,61,94,262
Jason Terry,SG,35,BOS,79,24,2124,281,648,0.434,123,331,0.37200000000000005,158,317,0.498,0.529,114,131,0.87,19,140,159,198,66,11,102,110,799
Hasheem Thabeet,C,25,OKC,66,4,770,64,106,0.604,0,0,0.0,64,106,0.604,0.604,32,53,0.604,69,126,195,11,30,60,41,148,160
Isaiah Thomas,PG,23,SAC,79,62,2122,366,832,0.44,115,321,0.358,251,511,0.491,0.509,253,287,0.882,29,132,161,316,67,3,140,167,1100
Kurt Thomas,PF,40,NYK,39,17,392,45,83,0.542,1,1,1.0,44,82,0.537,0.5479999999999999,6,13,0.462,24,65,89,21,10,16,8,52,97
Lance Thomas,SF,24,NOH,59,9,646,53,106,0.5,0,0,0.0,53,106,0.5,0.5,43,59,0.7290000000000001,44,71,115,17,11,7,14,78,149
Malcolm Thomas,PF,24,TOT,12,0,57,5,10,0.5,0,0,0.0,5,10,0.5,0.5,5,8,0.625,5,11,16,4,2,2,3,8,15
Tyrus Thomas,PF,26,CHA,26,2,360,48,136,0.353,3,8,0.375,45,128,0.35200000000000004,0.364,26,31,0.8390000000000001,16,44,60,19,14,15,17,51,125
Jason Thompson,PF,26,SAC,82,81,2285,374,745,0.502,0,3,0.0,374,742,0.504,0.502,143,206,0.6940000000000001,172,377,549,84,48,61,101,227,891
Klay Thompson,SG,22,GSW,82,82,2936,508,1205,0.42200000000000004,211,526,0.401,297,679,0.43700000000000006,0.509,132,157,0.841,32,274,306,183,86,45,157,237,1359
Tristan Thompson,PF,21,CLE,82,82,2564,390,799,0.488,0,3,0.0,390,796,0.49,0.488,177,291,0.608,306,467,773,108,60,71,123,234,957
Marcus Thornton,SG,25,SAC,72,8,1726,332,774,0.429,141,379,0.37200000000000005,191,395,0.484,0.52,111,126,0.8809999999999999,50,131,181,91,61,4,68,105,916
Jamaal Tinsley,PG,34,UTA,66,32,1221,86,234,0.368,39,127,0.307,47,107,0.439,0.451,18,26,0.6920000000000001,17,98,115,290,64,14,106,106,229
Anthony Tolliver,SF,27,ATL,62,11,963,82,216,0.38,45,133,0.33799999999999997,37,83,0.446,0.484,44,51,0.863,31,124,155,32,15,12,36,66,253
P.J. Tucker,SG,27,PHO,79,45,1910,210,444,0.473,22,70,0.314,188,374,0.503,0.498,64,86,0.7440000000000001,132,218,350,109,62,19,67,145,506
Ronny Turiaf,C,30,LAC,65,0,701,49,97,0.505,0,0,0.0,49,97,0.505,0.505,23,63,0.365,45,107,152,35,19,35,29,80,121
Hedo Türkoğlu,SF,33,ORL,11,1,189,14,53,0.264,1,24,0.042,13,29,0.44799999999999995,0.27399999999999997,3,6,0.5,4,22,26,23,7,1,12,11,32
Evan Turner,SF,24,PHI,82,82,2892,441,1053,0.419,58,159,0.365,383,894,0.428,0.446,154,208,0.74,56,461,517,354,71,17,187,197,1094
Jeremy Tyler,C,21,TOT,21,0,68,9,24,0.375,0,0,0.0,9,24,0.375,0.375,4,6,0.667,6,14,20,1,1,2,6,10,22
Ekpe Udoh,C,25,MIL,76,9,1312,117,269,0.435,0,1,0.0,117,268,0.43700000000000006,0.435,89,119,0.748,113,138,251,43,39,85,43,139,323
Beno Udrih,SG-PG,30,TOT,66,9,1457,210,476,0.441,34,102,0.33299999999999996,176,374,0.47100000000000003,0.47700000000000004,84,103,0.816,34,107,141,302,41,3,108,90,538
Jonas Valančiūnas,C,20,TOR,62,57,1482,204,366,0.557,0,0,0.0,204,366,0.557,0.557,146,185,0.789,121,251,372,45,17,78,94,188,554
Anderson Varejão,C,30,CLE,25,25,901,138,289,0.478,0,5,0.0,138,284,0.486,0.478,77,102,0.755,138,223,361,84,37,14,44,68,353
Jarvis Varnado,PF,24,TOT,13,0,58,3,7,0.429,0,0,0.0,3,7,0.429,0.429,2,4,0.5,2,7,9,3,1,2,6,10,8
Greivis Vásquez,PG,26,NOH,78,78,2685,438,1012,0.433,83,243,0.342,355,769,0.462,0.474,124,154,0.805,43,294,337,704,66,6,247,190,1083
Jan Veselý,PF,22,WAS,51,4,601,57,114,0.5,0,1,0.0,57,113,0.504,0.5,12,39,0.308,43,79,122,28,15,17,27,107,126
Charlie Villanueva,PF,28,DET,69,0,1092,175,464,0.377,90,259,0.34700000000000003,85,205,0.415,0.474,27,49,0.551,49,192,241,54,31,39,39,96,467
Nikola Vučević,C,22,ORL,77,77,2559,461,889,0.519,0,3,0.0,461,886,0.52,0.519,86,126,0.6829999999999999,273,644,917,143,61,79,141,218,1008
Dwyane Wade,SG,31,MIA,69,69,2391,569,1093,0.521,17,66,0.258,552,1027,0.537,0.528,308,425,0.725,86,258,344,352,128,56,194,140,1463
Dion Waiters,SG,21,CLE,61,48,1756,336,815,0.41200000000000003,63,203,0.31,273,612,0.446,0.451,159,213,0.746,22,127,149,183,59,16,121,113,894
Kemba Walker,PG,22,CHA,82,82,2859,526,1244,0.423,107,332,0.322,419,912,0.45899999999999996,0.466,296,371,0.7979999999999999,60,223,283,471,160,31,200,153,1455
John Wall,PG,22,WAS,49,42,1602,324,735,0.441,12,45,0.267,312,690,0.452,0.449,246,306,0.804,35,161,196,373,65,37,157,117,906
Gerald Wallace,SF,30,BRK,69,68,2076,182,458,0.397,46,163,0.282,136,295,0.461,0.44799999999999995,121,190,0.637,69,250,319,181,97,46,110,118,531
Rasheed Wallace,C,38,NYK,21,0,296,55,142,0.387,22,69,0.319,33,73,0.452,0.465,14,20,0.7,11,72,83,6,13,15,10,40,146
Luke Walton,PF,32,CLE,50,0,857,71,181,0.392,20,67,0.299,51,114,0.447,0.44799999999999995,10,20,0.5,38,107,145,166,42,13,60,98,172
Hakim Warrick,PF,30,TOT,28,14,489,67,165,0.406,0,3,0.0,67,162,0.414,0.406,60,88,0.682,21,68,89,25,13,6,29,37,194
C.J. Watson,PG,28,BRK,80,8,1521,192,459,0.418,88,214,0.41100000000000003,104,245,0.424,0.514,71,91,0.78,38,107,145,161,66,12,69,123,543
Earl Watson,PG,33,UTA,48,4,829,37,120,0.308,5,28,0.179,32,92,0.348,0.32899999999999996,17,25,0.68,23,64,87,190,40,8,69,94,96
Maalik Wayns,PG,21,TOT,27,1,202,26,88,0.295,7,31,0.226,19,57,0.33299999999999996,0.335,17,19,0.895,1,6,7,27,6,0,15,26,76
Martell Webster,SF,26,WAS,76,62,2200,281,636,0.442,139,329,0.42200000000000004,142,307,0.46299999999999997,0.551,168,198,0.848,53,241,294,143,49,17,90,166,869
David West,PF,32,IND,73,73,2435,502,1009,0.498,4,19,0.21100000000000002,498,990,0.503,0.5,242,315,0.768,145,418,563,213,74,69,157,149,1250
Russell Westbrook,PG,24,OKC,82,82,2861,673,1535,0.43799999999999994,97,300,0.32299999999999995,576,1235,0.466,0.47,460,575,0.8,111,317,428,607,145,24,273,189,1903
D.J. White,PF,26,BOS,12,0,86,12,23,0.522,0,0,0.0,12,23,0.522,0.522,5,9,0.556,4,9,13,4,1,6,2,5,29
James White,SF,30,NYK,57,16,435,50,116,0.431,14,41,0.341,36,75,0.48,0.491,11,19,0.579,5,43,48,29,13,4,17,44,125
Chris Wilcox,C,30,BOS,61,7,830,110,153,0.7190000000000001,0,1,0.0,110,152,0.7240000000000001,0.7190000000000001,39,58,0.672,55,125,180,22,32,28,34,125,259
Damien Wilkins,SG,33,PHI,61,21,1095,145,316,0.45899999999999996,17,51,0.33299999999999996,128,265,0.483,0.486,81,109,0.743,32,73,105,91,37,18,49,98,388
Deron Williams,PG,28,BRK,78,78,2842,495,1124,0.44,169,447,0.37799999999999995,326,677,0.48200000000000004,0.516,317,369,0.8590000000000001,29,203,232,604,75,30,218,194,1476
Derrick Williams,PF,21,MIN,78,56,1916,338,786,0.43,65,196,0.332,273,590,0.46299999999999997,0.47100000000000003,192,272,0.706,96,334,430,46,44,37,101,127,933
Lou Williams,SG,26,ATL,39,9,1119,187,443,0.42200000000000004,72,196,0.36700000000000005,115,247,0.466,0.503,105,121,0.868,8,72,80,139,44,10,74,55,551
Marvin Williams,SF,26,UTA,73,51,1727,199,470,0.423,54,166,0.325,145,304,0.47700000000000004,0.48100000000000004,77,99,0.778,55,208,263,77,37,38,60,98,529
Mo Williams,PG,30,UTA,46,46,1418,229,533,0.43,59,154,0.38299999999999995,170,379,0.449,0.485,75,85,0.882,24,86,110,285,46,9,125,105,592
Reggie Williams,SF,26,CHA,40,0,380,57,132,0.43200000000000005,22,72,0.306,35,60,0.583,0.515,10,21,0.47600000000000003,8,43,51,39,12,1,19,19,146
Terrence Williams,SF,25,BOS,24,0,318,48,97,0.495,5,15,0.33299999999999996,43,82,0.524,0.521,9,21,0.429,4,40,44,38,11,2,22,13,110
Metta World Peace,SF,33,LAL,75,66,2530,332,824,0.40299999999999997,141,412,0.342,191,412,0.46399999999999997,0.488,124,169,0.7340000000000001,101,271,372,112,122,42,98,198,929
Brandan Wright,C,25,DAL,64,16,1149,241,404,0.597,0,3,0.0,241,401,0.601,0.597,59,96,0.615,85,175,260,38,26,76,34,78,541
Chris Wright,SG,23,DAL,3,0,4,1,2,0.5,0,0,0.0,1,2,0.5,0.5,0,0,0.0,0,0,0,0,0,0,1,0,2
Dorell Wright,SF,27,PHI,79,8,1783,237,599,0.396,135,361,0.374,102,238,0.429,0.508,120,141,0.851,42,260,302,150,62,35,64,98,729
Tony Wroten,SG,19,MEM,35,0,272,33,86,0.384,4,16,0.25,29,70,0.414,0.40700000000000003,21,29,0.7240000000000001,13,15,28,43,8,4,29,34,91
Nick Young,SG,27,PHI,59,17,1411,224,542,0.413,75,210,0.35700000000000004,149,332,0.449,0.48200000000000004,105,128,0.82,24,106,130,84,36,14,50,84,628
Sam Young,SG,27,IND,56,3,693,58,148,0.392,16,52,0.308,42,96,0.43799999999999994,0.446,23,43,0.535,26,97,123,42,15,8,33,62,155
Thaddeus Young,PF,24,PHI,76,76,2629,509,958,0.531,1,8,0.125,508,950,0.535,0.532,108,188,0.574,182,389,571,125,133,55,90,191,1127
Luke Zeller,C,25,PHO,16,0,58,9,26,0.34600000000000003,1,5,0.2,8,21,0.381,0.365,0,0,0.0,1,9,10,3,0,0,0,5,19
Tyler Zeller,C,23,CLE,77,55,2033,245,559,0.43799999999999994,0,4,0.0,245,555,0.441,0.43799999999999994,120,157,0.764,159,279,438,96,35,70,95,251,610
