Player,Pos,Age,Tm,G,GS,MP,FG,FGA,FG%,3P,3PA,3P%,2P,2PA,2P%,eFG%,FT,FTA,FT%,ORB,DRB,TRB,AST,STL,BLK,TOV,PF,PTS
Alex Acker,SG,26,TOT,25,0,199,30,76,0.395,7,20,0.35,23,56,0.41100000000000003,0.441,5,10,0.5,8,16,24,12,5,4,7,9,72
Hassan Adams,SG,24,TOR,12,0,52,4,13,0.308,0,0,0.0,4,13,0.308,0.308,3,6,0.5,1,6,7,1,1,1,4,4,11
Arron Afflalo,SG,23,DET,74,8,1234,131,300,0.43700000000000006,43,107,0.402,88,193,0.456,0.508,58,71,0.8170000000000001,30,104,134,44,28,13,43,144,363
Maurice Ager,SG,24,NJN,20,0,97,15,43,0.349,0,6,0.0,15,37,0.405,0.349,4,8,0.5,3,7,10,3,1,2,4,17,34
Blake Ahearn,PG,24,SAS,3,0,19,2,6,0.33299999999999996,2,4,0.5,0,2,0.0,0.5,2,2,1.0,0,1,1,2,1,0,1,3,8
Alexis Ajinça,PF,20,CHA,31,4,182,25,69,0.36200000000000004,0,2,0.0,25,67,0.373,0.36200000000000004,20,28,0.7140000000000001,9,21,30,3,7,6,12,34,70
LaMarcus Aldridge,PF,23,POR,81,81,3004,601,1243,0.484,7,28,0.25,594,1215,0.489,0.486,261,334,0.7809999999999999,234,371,605,157,77,77,121,207,1470
Joe Alexander,SF,22,MIL,59,0,716,102,245,0.41600000000000004,16,46,0.348,86,199,0.43200000000000005,0.449,58,83,0.6990000000000001,44,71,115,42,15,29,52,107,278
Malik Allen,PF,30,MIL,49,3,579,73,170,0.429,0,1,0.0,73,169,0.43200000000000005,0.429,10,21,0.47600000000000003,35,68,103,35,7,12,20,89,156
Ray Allen*,SG,33,BOS,79,79,2876,499,1040,0.48,199,486,0.409,300,554,0.542,0.575,237,249,0.9520000000000001,66,212,278,218,69,13,134,157,1434
Tony Allen,SG,27,BOS,46,2,887,137,284,0.48200000000000004,6,27,0.222,131,257,0.51,0.493,79,109,0.725,22,82,104,66,54,23,77,98,359
Morris Almond,SG,23,UTA,25,1,255,33,81,0.40700000000000003,5,17,0.294,28,64,0.43799999999999994,0.43799999999999994,21,26,0.8079999999999999,9,27,36,7,4,4,16,31,92
Rafer Alston,PG,32,TOT,77,76,2447,316,820,0.385,112,331,0.33799999999999997,204,489,0.41700000000000004,0.45399999999999996,156,208,0.75,33,194,227,406,108,10,140,135,900
Lou Amundson,PF,26,PHO,76,0,1044,134,250,0.536,0,1,0.0,134,249,0.5379999999999999,0.536,53,120,0.442,128,142,270,28,32,65,56,154,321
Chris Andersen,C,30,DEN,71,1,1460,160,292,0.5479999999999999,2,10,0.2,158,282,0.56,0.551,130,181,0.718,163,279,442,31,41,175,69,174,452
Ryan Anderson,PF,20,NJN,66,30,1312,160,407,0.39299999999999996,69,189,0.365,91,218,0.41700000000000004,0.478,98,116,0.845,104,207,311,52,44,20,63,157,487
Carmelo Anthony,SF,24,DEN,66,66,2277,535,1207,0.44299999999999995,63,170,0.371,472,1037,0.455,0.469,371,468,0.7929999999999999,106,344,450,222,75,24,199,195,1504
Joel Anthony,C,26,MIA,65,28,1048,57,118,0.483,0,0,0.0,57,118,0.483,0.483,30,46,0.652,89,108,197,27,20,93,41,139,144
Gilbert Arenas,PG,27,WAS,2,2,63,6,23,0.261,2,7,0.28600000000000003,4,16,0.25,0.304,12,16,0.75,1,8,9,20,0,1,1,4,26
Trevor Ariza,SF,23,LAL,82,20,1999,274,596,0.46,61,191,0.319,213,405,0.526,0.511,120,169,0.71,111,241,352,145,137,24,87,166,729
Hilton Armstrong,C,24,NOH,70,29,1092,138,246,0.561,0,2,0.0,138,244,0.5660000000000001,0.561,62,98,0.633,81,114,195,29,26,45,80,181,338
Darrell Arthur,PF,20,MEM,76,64,1464,191,436,0.43799999999999994,0,2,0.0,191,434,0.44,0.43799999999999994,40,60,0.667,108,238,346,43,52,52,47,206,422
Chucky Atkins,PG,34,TOT,33,0,412,34,113,0.301,15,57,0.263,19,56,0.33899999999999997,0.36700000000000005,15,16,0.938,5,19,24,59,10,2,23,27,98
D.J. Augustin,PG,21,CHA,72,12,1908,267,621,0.43,108,246,0.439,159,375,0.424,0.517,208,233,0.893,17,116,133,250,42,2,119,140,850
Kelenna Azubuike,SF,25,GSW,74,51,2375,392,845,0.46399999999999997,94,210,0.44799999999999995,298,635,0.469,0.52,185,229,0.8079999999999999,112,258,370,117,57,50,95,183,1063
Renaldo Balkman,PF,24,DEN,53,10,780,110,197,0.5579999999999999,2,7,0.28600000000000003,108,190,0.568,0.563,42,65,0.6459999999999999,86,117,203,34,47,23,35,98,264
Marcus Banks,PG,27,TOT,22,0,206,21,57,0.368,3,19,0.158,18,38,0.474,0.395,11,18,0.611,1,17,18,28,11,2,14,26,56
Leandro Barbosa,SG,26,PHO,70,11,1705,366,759,0.48200000000000004,90,240,0.375,276,519,0.532,0.542,171,194,0.8809999999999999,34,147,181,162,82,7,93,115,993
J.J. Barea,SG,24,DAL,79,15,1600,246,557,0.442,55,154,0.35700000000000004,191,403,0.474,0.491,70,93,0.753,36,141,177,269,37,5,105,121,617
Andrea Bargnani,PF,23,TOR,78,59,2453,431,958,0.45,119,291,0.409,312,667,0.46799999999999997,0.512,221,266,0.831,70,346,416,94,34,97,135,242,1202
Matt Barnes,PF,28,PHO,77,40,2082,285,674,0.423,117,341,0.34299999999999997,168,333,0.505,0.51,101,136,0.743,79,342,421,212,52,26,130,209,788
Brent Barry,SG,37,HOU,56,1,857,70,172,0.40700000000000003,49,131,0.374,21,41,0.512,0.5489999999999999,19,20,0.95,17,77,94,78,24,3,48,45,208
Brandon Bass,C,23,DAL,81,0,1574,252,508,0.496,0,6,0.0,252,502,0.502,0.496,182,210,0.867,129,238,367,43,27,55,86,140,686
Maceo Baston,PF,33,IND,27,0,217,25,46,0.5429999999999999,0,1,0.0,25,45,0.556,0.5429999999999999,17,27,0.63,22,30,52,7,6,10,12,39,67
Tony Battie,PF,32,ORL,77,3,1202,158,323,0.489,2,9,0.222,156,314,0.49700000000000005,0.49200000000000005,54,82,0.659,92,186,278,31,26,25,46,112,372
Shane Battier,SG,30,HOU,60,59,2031,145,354,0.41,91,237,0.384,54,117,0.462,0.5379999999999999,55,67,0.821,52,233,285,137,48,54,49,114,436
Nicolas Batum,SF,20,POR,79,76,1454,161,361,0.446,62,168,0.369,99,193,0.513,0.532,42,52,0.8079999999999999,84,136,220,74,50,40,50,139,426
Jerryd Bayless,PG,20,POR,53,0,655,69,189,0.365,7,27,0.259,62,162,0.38299999999999995,0.384,83,103,0.8059999999999999,8,49,57,78,16,2,56,81,228
Michael Beasley,PF,20,MIA,81,19,2009,452,957,0.47200000000000003,33,81,0.40700000000000003,419,876,0.478,0.49,186,241,0.772,110,329,439,83,41,37,121,184,1123
Marco Belinelli,SG,22,GSW,42,23,882,140,317,0.442,52,131,0.397,88,186,0.473,0.524,40,52,0.769,10,61,71,88,36,1,59,73,372
Charlie Bell,SG,29,MIL,70,23,1783,217,524,0.414,87,240,0.363,130,284,0.45799999999999996,0.49700000000000005,66,80,0.825,32,102,134,151,50,7,76,138,587
Raja Bell,SG,32,TOT,67,66,2315,299,684,0.43700000000000006,114,271,0.42100000000000004,185,413,0.44799999999999995,0.52,87,102,0.853,41,202,243,142,50,8,86,166,799
Mike Bibby,PG,30,ATL,79,79,2740,437,1005,0.435,167,428,0.39,270,577,0.46799999999999997,0.518,135,171,0.789,38,240,278,392,98,11,128,145,1176
Andris Biedriņš,C,22,GSW,62,58,1863,308,533,0.578,0,1,0.0,308,532,0.579,0.578,119,216,0.551,223,470,693,121,63,96,110,236,735
Chauncey Billups,PG,32,TOT,79,79,2789,410,980,0.418,162,397,0.408,248,583,0.425,0.501,418,458,0.9129999999999999,32,207,239,506,93,18,177,161,1400
Steve Blake,PG,28,POR,69,69,2188,277,647,0.428,140,328,0.42700000000000005,137,319,0.429,0.536,63,75,0.84,28,145,173,348,69,4,108,126,757
Andray Blatche,C,22,WAS,71,36,1703,297,630,0.47100000000000003,5,21,0.23800000000000002,292,609,0.479,0.475,114,162,0.7040000000000001,126,252,378,118,53,74,117,211,713
Mark Blount,C,33,MIA,20,0,207,30,78,0.385,11,27,0.40700000000000003,19,51,0.373,0.455,8,13,0.615,10,31,41,4,1,7,14,17,79
Keith Bogans,SG,28,TOT,65,15,1272,119,324,0.36700000000000005,74,218,0.33899999999999997,45,106,0.425,0.48100000000000004,52,57,0.912,31,171,202,64,43,4,41,105,364
Andrew Bogut,C,24,MIL,36,33,1124,183,317,0.5770000000000001,0,0,0.0,183,317,0.5770000000000001,0.5770000000000001,56,98,0.5710000000000001,117,252,369,72,23,37,86,130,422
Matt Bonner,PF,28,SAS,81,67,1928,266,536,0.496,118,268,0.44,148,268,0.552,0.606,17,23,0.7390000000000001,97,289,386,82,47,26,37,190,667
Josh Boone,C,24,NJN,62,7,995,113,214,0.528,0,0,0.0,113,214,0.528,0.528,32,85,0.376,104,154,258,31,22,48,31,106,258
Calvin Booth,C,32,TOT,8,0,56,5,10,0.5,0,0,0.0,5,10,0.5,0.5,6,8,0.75,5,6,11,0,1,2,1,10,16
Carlos Boozer,PF,27,UTA,37,37,1197,251,512,0.49,0,0,0.0,251,512,0.49,0.49,97,139,0.698,111,274,385,79,39,7,79,132,599
Chris Bosh,C,24,TOR,77,77,2928,615,1263,0.48700000000000004,12,49,0.245,603,1214,0.49700000000000005,0.49200000000000005,504,617,0.8170000000000001,215,556,771,191,67,77,174,189,1746
Bruce Bowen,SF,37,SAS,80,10,1506,79,187,0.42200000000000004,42,98,0.429,37,89,0.41600000000000004,0.535,14,26,0.5379999999999999,16,129,145,40,36,13,25,123,214
Ryan Bowen,SF,33,NOH,21,3,219,22,38,0.579,0,0,0.0,22,38,0.579,0.579,3,5,0.6,10,14,24,9,14,5,5,37,47
Elton Brand,PF,29,PHI,29,23,920,163,365,0.447,0,0,0.0,163,365,0.447,0.447,73,108,0.6759999999999999,77,177,254,37,17,45,68,78,399
Corey Brewer,SF,22,MIN,15,8,307,37,90,0.41100000000000003,5,12,0.41700000000000004,32,78,0.41,0.439,14,19,0.737,18,31,49,25,15,3,13,37,93
Ronnie Brewer,SF,23,UTA,81,80,2605,421,828,0.508,22,85,0.259,399,743,0.537,0.522,247,352,0.7020000000000001,101,199,300,179,138,30,110,128,1111
Aaron Brooks,PG,24,HOU,80,35,1998,316,783,0.40399999999999997,113,309,0.366,203,474,0.428,0.47600000000000003,149,172,0.866,33,124,157,238,46,8,125,152,894
Andre Brown,PF,27,CHA,4,0,41,1,7,0.14300000000000002,0,0,0.0,1,7,0.14300000000000002,0.14300000000000002,2,2,1.0,7,5,12,1,1,0,5,9,4
Bobby Brown,SG-PG,24,TOT,68,2,931,141,360,0.392,45,130,0.34600000000000003,96,230,0.41700000000000004,0.45399999999999996,34,43,0.7909999999999999,14,38,52,117,21,3,63,95,361
Dee Brown,PG,24,TOT,19,11,261,18,49,0.36700000000000005,7,24,0.292,11,25,0.44,0.439,3,5,0.6,7,22,29,36,10,0,17,28,46
Devin Brown,SG,30,NOH,63,5,869,111,313,0.355,28,97,0.289,83,216,0.384,0.39899999999999997,78,100,0.78,31,88,119,54,32,5,54,81,328
Kwame Brown,C,26,DET,58,30,999,90,169,0.5329999999999999,0,0,0.0,90,169,0.5329999999999999,0.5329999999999999,63,122,0.516,91,199,290,32,24,24,50,138,243
Shannon Brown,SG,23,TOT,48,0,477,78,165,0.473,14,37,0.37799999999999995,64,128,0.5,0.515,32,39,0.821,11,33,44,38,22,7,38,42,202
Kobe Bryant,SG,30,LAL,82,82,2960,800,1712,0.467,118,336,0.35100000000000003,682,1376,0.496,0.502,483,564,0.856,90,339,429,399,120,37,210,189,2201
Greg Buckner,SF,32,MEM,63,0,878,61,159,0.384,13,51,0.255,48,108,0.444,0.425,20,25,0.8,32,98,130,57,29,8,38,108,155
Caron Butler,SG,28,WAS,67,67,2585,491,1085,0.45299999999999996,65,210,0.31,426,875,0.48700000000000004,0.48200000000000004,345,402,0.858,118,296,414,290,106,20,210,165,1392
Rasual Butler,SF,29,NOH,82,74,2614,348,803,0.433,140,359,0.39,208,444,0.46799999999999997,0.521,86,110,0.782,49,222,271,75,51,61,59,159,922
Andrew Bynum,C,21,LAL,50,50,1446,281,502,0.56,0,0,0.0,281,502,0.56,0.56,152,215,0.7070000000000001,137,261,398,71,18,90,85,157,714
Will Bynum,PG,26,DET,57,1,803,156,342,0.456,3,19,0.158,153,323,0.474,0.461,95,119,0.7979999999999999,19,56,75,157,34,2,76,85,410
José Calderón,PG,27,TOR,68,68,2333,320,644,0.49700000000000005,82,202,0.406,238,442,0.5379999999999999,0.561,151,154,0.981,16,178,194,607,74,7,143,114,873
Marcus Camby,C,34,LAC,62,55,1925,254,496,0.512,1,4,0.25,253,492,0.514,0.513,132,182,0.725,161,529,690,127,51,132,93,129,641
Brian Cardinal,PF,31,MIN,64,4,909,65,169,0.385,30,92,0.326,35,77,0.455,0.473,30,35,0.857,39,103,142,76,37,13,48,135,190
Rodney Carney,SG,24,MIN,67,6,1199,176,423,0.41600000000000004,79,226,0.35,97,197,0.49200000000000005,0.509,50,66,0.758,36,90,126,26,45,29,43,94,481
Matt Carroll,SG,28,TOT,55,10,616,65,171,0.38,13,53,0.245,52,118,0.441,0.418,21,25,0.84,7,62,69,27,21,6,33,67,164
Anthony Carter,PG,33,DEN,78,5,1787,167,386,0.433,21,88,0.239,146,298,0.49,0.46,57,78,0.731,40,165,205,364,96,13,155,142,412
Vince Carter,SG,32,NJN,80,80,2946,588,1345,0.43700000000000006,151,392,0.385,437,953,0.45899999999999996,0.493,335,410,0.8170000000000001,74,336,410,376,82,38,166,234,1662
Mario Chalmers,PG,22,MIA,82,82,2626,278,662,0.42,114,311,0.36700000000000005,164,351,0.467,0.506,148,193,0.767,37,191,228,403,160,8,165,240,818
Tyson Chandler,C,26,NOH,45,45,1445,160,283,0.565,0,0,0.0,160,283,0.565,0.565,77,133,0.579,163,230,393,22,15,56,70,144,397
Wilson Chandler,SF,21,NYK,82,70,2735,455,1054,0.43200000000000005,103,314,0.32799999999999996,352,740,0.47600000000000003,0.48100000000000004,171,215,0.795,91,354,445,170,71,75,139,250,1184
Speedy Claxton,PG,30,ATL,2,0,15,2,7,0.28600000000000003,0,0,0.0,2,7,0.28600000000000003,0.28600000000000003,1,2,0.5,0,0,0,3,0,0,0,1,5
Jarron Collins,C,30,UTA,26,3,201,16,35,0.457,0,0,0.0,16,35,0.457,0.457,8,11,0.727,20,17,37,7,2,1,9,35,40
Jason Collins,C,30,MIN,31,22,422,22,70,0.314,0,0,0.0,22,70,0.314,0.314,13,28,0.46399999999999997,28,42,70,11,9,13,12,73,57
Mardy Collins,PG-SG,24,TOT,48,14,890,105,247,0.425,13,31,0.419,92,216,0.426,0.451,28,46,0.609,31,76,107,111,31,10,58,80,251
Nick Collison,C,28,OKC,71,40,1831,243,428,0.568,0,2,0.0,243,426,0.57,0.568,98,136,0.721,181,308,489,66,51,50,73,239,584
Mike Conley,PG,21,MEM,82,61,2508,323,730,0.442,88,217,0.406,235,513,0.45799999999999996,0.503,161,197,0.8170000000000001,25,251,276,354,90,8,143,146,895
Brian Cook,PF,28,TOT,30,0,171,28,76,0.368,13,30,0.433,15,46,0.326,0.45399999999999996,5,6,0.833,7,25,32,5,3,3,13,26,74
Daequan Cook,SF,21,MIA,75,4,1833,242,645,0.375,153,395,0.387,89,250,0.35600000000000004,0.494,49,56,0.875,19,170,189,71,39,10,42,125,686
Jamal Crawford,PG-SG,28,TOT,65,65,2479,419,1022,0.41,142,394,0.36,277,628,0.441,0.479,300,344,0.872,23,170,193,288,57,13,148,92,1280
Joe Crawford,SF,22,NYK,2,0,23,3,10,0.3,1,4,0.25,2,6,0.33299999999999996,0.35,2,2,1.0,1,3,4,1,1,0,0,2,9
Javaris Crittenton,PG-SG,21,TOT,63,10,1174,131,285,0.46,2,15,0.133,129,270,0.478,0.46299999999999997,53,92,0.5760000000000001,57,109,166,150,40,6,82,101,317
Austin Croshere,PF,33,TOT,14,0,100,14,39,0.359,5,15,0.33299999999999996,9,24,0.375,0.423,7,12,0.583,11,23,34,9,1,1,6,5,40
Eddy Curry,C,26,NYK,3,0,12,2,2,1.0,0,0,0.0,2,2,1.0,1.0,1,3,0.33299999999999996,0,4,4,0,0,0,2,5,5
Samuel Dalembert,C,27,PHI,82,82,2036,216,434,0.498,0,2,0.0,216,432,0.5,0.498,91,124,0.7340000000000001,214,487,701,18,33,146,117,248,523
Erick Dampier,C,33,DAL,80,80,1836,182,280,0.65,0,0,0.0,182,280,0.65,0.65,90,141,0.638,216,349,565,77,24,95,74,191,454
Antonio Daniels,PG,33,TOT,74,9,1021,99,236,0.419,22,60,0.36700000000000005,77,176,0.43799999999999994,0.466,80,100,0.8,5,72,77,177,26,1,62,55,300
Marquis Daniels,SF,28,IND,54,43,1700,311,689,0.451,18,90,0.2,293,599,0.489,0.46399999999999997,93,129,0.721,80,168,248,114,62,26,94,120,733
Jermareo Davidson,SF,24,GSW,14,0,111,17,35,0.486,0,0,0.0,17,35,0.486,0.486,8,17,0.47100000000000003,10,24,34,1,2,3,5,12,42
Baron Davis,PG,29,LAC,65,60,2248,355,959,0.37,99,328,0.302,256,631,0.406,0.42200000000000004,159,210,0.757,46,192,238,501,108,35,193,193,968
Glen Davis,C,23,BOS,76,16,1637,199,450,0.442,2,5,0.4,197,445,0.44299999999999995,0.444,130,178,0.73,121,180,301,69,53,19,71,230,530
Paul Davis,PF,24,LAC,27,1,320,40,98,0.408,0,1,0.0,40,97,0.41200000000000003,0.408,27,34,0.794,28,39,67,12,10,3,13,44,107
Ricky Davis,SG,29,LAC,36,9,785,83,245,0.33899999999999997,35,111,0.315,48,134,0.358,0.41,31,36,0.861,9,51,60,82,19,5,39,63,232
Luol Deng,SF,23,CHI,49,46,1665,265,591,0.44799999999999995,8,20,0.4,257,571,0.45,0.455,152,191,0.7959999999999999,80,215,295,94,60,25,72,85,690
Boris Diaw,PF,26,TOT,81,59,2754,448,884,0.507,75,181,0.414,373,703,0.531,0.5489999999999999,101,147,0.687,118,314,432,333,61,53,215,202,1072
Yakhouba Diawara,SF,26,MIA,63,21,851,76,217,0.35,51,163,0.313,25,54,0.46299999999999997,0.46799999999999997,10,19,0.526,26,56,82,27,13,6,16,75,213
Travis Diener,PG,26,IND,55,0,719,74,179,0.413,46,118,0.39,28,61,0.45899999999999996,0.542,12,15,0.8,6,80,86,122,26,5,21,42,206
Ike Diogu,PF,25,TOT,29,1,215,39,74,0.527,1,2,0.5,38,72,0.528,0.534,40,53,0.755,26,30,56,3,3,3,12,23,119
DeSagana Diop,C,27,TOT,75,1,1036,74,171,0.433,0,0,0.0,74,171,0.433,0.433,22,66,0.33299999999999996,114,159,273,32,29,56,39,128,170
Juan Dixon,PG,30,WAS,50,6,816,101,256,0.395,25,75,0.33299999999999996,76,181,0.42,0.44299999999999995,34,39,0.872,8,59,67,118,35,6,70,74,261
Keyon Dooling,PG,28,NJN,77,18,2074,261,598,0.436,99,235,0.42100000000000004,162,363,0.446,0.519,127,154,0.825,24,131,155,270,71,8,105,135,748
Joey Dorsey,PF,25,HOU,3,0,6,1,2,0.5,0,0,0.0,1,2,0.5,0.5,0,0,0.0,0,1,1,1,0,0,0,0,2
Quincy Douby,PG,24,TOT,27,0,300,42,110,0.382,14,46,0.304,28,64,0.43799999999999994,0.445,17,19,0.895,6,26,32,25,5,5,13,27,115
Chris Douglas-Roberts,SG,22,NJN,44,3,585,81,176,0.46,3,12,0.25,78,164,0.47600000000000003,0.469,51,62,0.823,14,36,50,52,12,7,31,34,216
Goran Dragić,PG,22,PHO,55,1,728,88,224,0.39299999999999996,20,54,0.37,68,170,0.4,0.43799999999999994,50,65,0.769,33,70,103,111,29,3,73,87,246
Jared Dudley,SF,23,TOT,68,7,1155,136,285,0.47700000000000004,29,74,0.392,107,211,0.507,0.528,71,105,0.6759999999999999,82,123,205,56,57,8,43,105,372
Chris Duhon,PG,26,NYK,79,78,2906,287,681,0.42100000000000004,127,325,0.391,160,356,0.449,0.515,179,209,0.856,45,201,246,566,72,7,221,126,880
Tim Duncan,C,32,SAS,75,75,2524,558,1107,0.504,0,2,0.0,558,1105,0.505,0.504,334,483,0.6920000000000001,201,599,800,264,38,126,165,173,1450
Mike Dunleavy,SG,28,IND,18,14,495,93,232,0.401,32,90,0.35600000000000004,61,142,0.43,0.47,53,65,0.815,14,54,68,44,12,9,38,36,271
Kevin Durant,SF,20,OKC,74,74,2885,661,1390,0.47600000000000003,97,230,0.42200000000000004,564,1160,0.486,0.51,452,524,0.863,77,405,482,205,96,53,225,134,1871
Monta Ellis,SG,23,GSW,25,25,892,194,430,0.451,8,26,0.308,186,404,0.46,0.46,78,94,0.83,14,94,108,93,39,8,67,67,474
Francisco Elson,C,32,MIL,59,23,977,83,169,0.491,1,4,0.25,82,165,0.49700000000000005,0.494,33,39,0.846,100,129,229,32,36,36,48,144,200
Melvin Ely,C,30,NOH,31,4,373,37,95,0.389,0,0,0.0,37,95,0.389,0.389,23,36,0.639,30,34,64,18,2,9,23,58,97
Maurice Evans,SF,30,ATL,80,25,1840,208,482,0.43200000000000005,98,248,0.395,110,234,0.47,0.5329999999999999,60,73,0.8220000000000001,88,155,243,54,50,10,43,163,574
Reggie Evans,PF,28,PHI,79,7,1137,79,178,0.444,0,1,0.0,79,177,0.446,0.444,104,175,0.594,135,226,361,26,41,8,69,161,262
Jordan Farmar,PG,22,LAL,65,0,1192,161,412,0.391,49,146,0.336,112,266,0.42100000000000004,0.45,45,77,0.584,22,95,117,155,57,10,87,105,416
Desmon Farmer,SG,27,SAS,3,0,54,4,14,0.28600000000000003,3,12,0.25,1,2,0.5,0.39299999999999996,2,2,1.0,0,6,6,2,0,0,4,6,13
Raymond Felton,PG,24,CHA,82,81,3086,442,1083,0.408,59,207,0.285,383,876,0.43700000000000006,0.435,219,272,0.805,54,256,310,553,126,30,228,191,1162
Rudy Fernández,SG,23,POR,78,4,1993,268,630,0.425,159,398,0.39899999999999997,109,232,0.47,0.552,120,143,0.8390000000000001,47,160,207,159,69,12,86,111,815
Kyrylo Fesenko,C,22,UTA,21,1,156,21,36,0.583,0,0,0.0,21,36,0.583,0.583,7,21,0.33299999999999996,14,23,37,4,7,15,9,35,49
Michael Finley,SF,35,SAS,81,77,2336,301,689,0.43700000000000006,131,319,0.41100000000000003,170,370,0.45899999999999996,0.532,51,62,0.823,26,244,270,114,37,17,61,82,784
Derek Fisher,PG,34,LAL,82,82,2441,292,688,0.424,120,302,0.397,172,386,0.446,0.512,110,130,0.846,25,163,188,261,95,6,72,187,814
T.J. Ford,PG,25,IND,74,49,2258,413,913,0.452,35,104,0.337,378,809,0.467,0.47200000000000003,245,281,0.872,59,200,259,392,89,16,180,180,1106
Jeff Foster,C,32,IND,74,26,1828,177,353,0.501,2,7,0.28600000000000003,175,346,0.506,0.504,96,146,0.6579999999999999,215,293,508,130,53,49,88,229,452
Randy Foye,SG,25,MIN,70,61,2494,399,981,0.40700000000000003,111,308,0.36,288,673,0.428,0.46299999999999997,230,272,0.846,34,180,214,303,72,26,150,201,1139
Adonal Foyle,C,33,TOT,10,0,62,7,11,0.636,0,0,0.0,7,11,0.636,0.636,3,6,0.5,9,17,26,1,0,8,3,5,17
Channing Frye,PF,25,POR,63,1,746,113,267,0.423,11,33,0.33299999999999996,102,234,0.436,0.444,26,36,0.722,41,99,140,24,17,16,29,106,263
Dan Gadzuric,C,30,MIL,67,26,941,117,244,0.48,0,2,0.0,117,242,0.483,0.48,37,68,0.544,95,160,255,39,32,43,41,162,271
Danilo Gallinari,SG,20,NYK,28,2,412,56,125,0.44799999999999995,32,72,0.444,24,53,0.45299999999999996,0.5760000000000001,26,27,0.963,13,42,55,15,14,4,15,48,170
Francisco García,SF,27,SAC,65,36,1975,295,665,0.444,88,221,0.39799999999999996,207,444,0.466,0.51,146,178,0.82,56,162,218,150,80,67,112,196,824
Thomas Gardner,SG,23,ATL,16,0,98,9,36,0.25,4,23,0.174,5,13,0.385,0.306,2,4,0.5,0,7,7,2,4,1,3,4,24
Kevin Garnett,PF,32,BOS,57,57,1772,393,740,0.531,2,8,0.25,391,732,0.534,0.532,111,132,0.841,78,407,485,144,63,68,90,128,899
Marc Gasol,C,24,MEM,82,75,2521,350,661,0.53,0,1,0.0,350,660,0.53,0.53,275,375,0.733,201,404,605,143,63,90,164,265,975
Pau Gasol,C,28,LAL,81,81,2999,592,1045,0.5670000000000001,1,2,0.5,591,1043,0.5670000000000001,0.5670000000000001,343,439,0.7809999999999999,262,518,780,284,52,81,157,172,1528
Rudy Gay,SF,22,MEM,79,78,2945,572,1262,0.45299999999999996,85,242,0.35100000000000003,487,1020,0.47700000000000004,0.48700000000000004,264,344,0.767,109,328,437,135,98,59,203,221,1493
Devean George,SF,31,DAL,43,17,708,54,142,0.38,22,76,0.289,32,66,0.485,0.45799999999999996,17,22,0.773,25,53,78,15,23,11,17,57,147
Daniel Gibson,PG,22,CLE,75,0,1795,206,527,0.391,108,283,0.382,98,244,0.402,0.493,66,86,0.767,31,124,155,132,44,16,61,163,586
J.R. Giddens,SF,23,BOS,6,0,8,2,3,0.667,0,0,0.0,2,3,0.667,0.667,0,0,0.0,2,1,3,0,1,0,1,1,4
Eddie Gill,PG,30,MIL,6,0,43,6,9,0.667,2,3,0.667,4,6,0.667,0.778,0,0,0.0,0,4,4,11,3,1,5,10,14
Manu Ginóbili,SG,31,SAS,44,7,1181,223,491,0.45399999999999996,69,209,0.33,154,282,0.546,0.524,168,190,0.884,24,174,198,157,64,16,88,90,683
Ryan Gomes,SF,26,MIN,82,76,2614,420,974,0.431,106,285,0.37200000000000005,314,689,0.456,0.486,146,181,0.807,106,286,392,135,63,22,128,183,1092
Drew Gooden,PF,27,TOT,51,28,1264,237,506,0.46799999999999997,0,4,0.0,237,502,0.47200000000000003,0.46799999999999997,131,156,0.84,113,249,362,48,30,18,76,144,605
Ben Gordon,SG,25,CHI,82,76,2999,598,1315,0.455,173,422,0.41,425,893,0.47600000000000003,0.521,330,382,0.8640000000000001,52,231,283,279,71,22,200,184,1699
Eric Gordon,SG,20,LAC,78,65,2677,411,901,0.456,131,337,0.389,280,564,0.496,0.529,299,350,0.8540000000000001,45,156,201,215,78,35,164,172,1252
Marcin Gortat,PF,24,ORL,63,3,794,106,187,0.5670000000000001,1,1,1.0,105,186,0.565,0.57,26,45,0.578,96,190,286,14,18,53,25,111,239
Joey Graham,SF,26,TOR,78,10,1541,231,480,0.48100000000000004,3,16,0.188,228,464,0.491,0.484,132,160,0.825,95,197,292,48,35,12,74,191,597
Stephen Graham,SG,26,IND,52,6,684,106,256,0.414,20,66,0.303,86,190,0.45299999999999996,0.45299999999999996,50,62,0.8059999999999999,21,75,96,33,10,4,45,82,282
Danny Granger,SF,25,IND,67,66,2424,571,1277,0.447,182,450,0.40399999999999997,389,827,0.47,0.518,404,460,0.878,49,292,341,183,69,97,165,207,1728
Aaron Gray,C,24,CHI,56,18,715,81,167,0.485,0,1,0.0,81,166,0.488,0.485,34,59,0.5760000000000001,84,136,220,46,14,18,40,135,196
Gerald Green,SG,23,DAL,38,12,376,79,180,0.439,14,46,0.304,65,134,0.485,0.478,27,32,0.8440000000000001,14,40,54,15,10,5,33,51,199
Jeff Green,PF,22,OKC,78,78,2873,476,1068,0.446,96,247,0.389,380,821,0.46299999999999997,0.491,242,307,0.7879999999999999,120,399,519,155,81,33,173,202,1290
Willie Green,SG,27,PHI,81,60,1828,286,658,0.435,51,161,0.317,235,497,0.473,0.473,62,85,0.7290000000000001,29,97,126,158,53,13,64,154,685
Donté Greene,SF,20,SAC,55,4,725,77,236,0.326,26,100,0.26,51,136,0.375,0.381,29,34,0.853,19,67,86,30,16,14,37,68,209
Hamed Haddadi,C,23,MEM,19,0,120,15,31,0.484,0,0,0.0,15,31,0.484,0.484,18,30,0.6,16,31,47,8,1,12,9,20,48
Malik Hairston,SG,21,SAS,15,0,155,24,49,0.49,0,1,0.0,24,48,0.5,0.49,2,7,0.28600000000000003,11,17,28,13,6,7,12,19,50
Richard Hamilton,SG,30,DET,67,51,2279,466,1043,0.447,70,190,0.368,396,853,0.46399999999999997,0.48,223,263,0.848,44,163,207,297,40,4,133,176,1225
Matt Harpring,SG,32,UTA,63,2,693,111,241,0.461,0,2,0.0,111,239,0.46399999999999997,0.461,55,72,0.764,47,76,123,28,29,9,29,102,277
Al Harrington,PF,28,TOT,73,56,2546,532,1212,0.439,171,470,0.364,361,742,0.48700000000000004,0.509,234,295,0.7929999999999999,99,356,455,102,88,22,161,227,1469
Devin Harris,PG,25,NJN,69,69,2494,455,1039,0.43799999999999994,64,220,0.29100000000000004,391,819,0.47700000000000004,0.469,496,605,0.82,30,201,231,476,114,13,212,164,1470
Jason Hart,PG,30,TOT,39,2,348,30,94,0.319,0,6,0.0,30,88,0.341,0.319,18,23,0.7829999999999999,13,33,46,48,12,4,22,39,78
Udonis Haslem,PF,28,MIA,75,75,2560,333,643,0.518,0,0,0.0,333,643,0.518,0.518,128,170,0.753,169,449,618,85,43,25,82,204,794
Trenton Hassell,SF,29,NJN,53,31,1094,86,191,0.45,2,8,0.25,84,183,0.45899999999999996,0.455,20,25,0.8,50,96,146,51,21,16,30,92,194
Spencer Hawes,C,20,SAC,77,51,2259,373,800,0.466,40,115,0.348,333,685,0.486,0.491,90,136,0.662,148,401,549,149,44,93,160,249,876
Chuck Hayes,C,25,HOU,71,1,858,42,113,0.37200000000000005,0,4,0.0,42,109,0.385,0.37200000000000005,7,19,0.368,74,176,250,42,34,19,25,134,91
Jarvis Hayes,SF,27,NJN,74,1,1832,257,577,0.445,94,244,0.385,163,333,0.489,0.527,36,52,0.6920000000000001,27,240,267,54,52,7,49,162,644
Brendan Haywood,C,29,WAS,6,5,175,24,50,0.48,0,0,0.0,24,50,0.48,0.48,10,21,0.47600000000000003,13,31,44,8,4,15,9,14,58
Luther Head,PG-SG,26,TOT,32,4,498,55,144,0.382,20,54,0.37,35,90,0.389,0.451,19,24,0.792,6,46,52,58,17,2,25,37,149
Walter Herrmann,SF,29,DET,59,0,630,82,207,0.396,41,120,0.342,41,87,0.47100000000000003,0.495,19,25,0.76,28,79,107,22,7,4,17,43,224
Roy Hibbert,C,22,IND,70,42,1009,198,420,0.47100000000000003,0,0,0.0,198,420,0.47100000000000003,0.47100000000000003,98,147,0.667,115,128,243,49,20,76,55,215,494
J.J. Hickson,C,20,CLE,62,0,705,100,194,0.515,0,0,0.0,100,194,0.515,0.515,45,67,0.672,52,113,165,9,14,30,45,81,245
Nenê Hilário,C,26,DEN,77,76,2510,428,709,0.604,1,5,0.2,427,704,0.607,0.604,266,368,0.723,183,415,598,108,95,101,147,278,1123
George Hill,PG,22,SAS,77,7,1270,150,372,0.40299999999999997,24,73,0.32899999999999996,126,299,0.42100000000000004,0.435,114,146,0.7809999999999999,30,128,158,136,45,21,74,150,438
Grant Hill*,SF,36,PHO,82,68,2445,390,745,0.523,24,76,0.316,366,669,0.547,0.54,181,224,0.8079999999999999,64,341,405,186,90,54,126,182,985
Steven Hill,PF,23,OKC,1,0,2,1,1,1.0,0,0,0.0,1,1,1.0,1.0,0,0,0.0,2,1,3,0,0,0,0,0,2
Kirk Hinrich,SG,28,CHI,51,4,1339,183,419,0.43700000000000006,69,169,0.408,114,250,0.456,0.519,68,86,0.7909999999999999,16,107,123,197,66,19,87,126,503
Ryan Hollins,C,24,TOT,45,3,444,50,94,0.532,0,0,0.0,50,94,0.532,0.532,43,72,0.597,46,51,97,7,7,32,24,78,143
Al Horford,C,22,ATL,67,67,2242,312,594,0.525,0,1,0.0,312,593,0.526,0.525,149,205,0.727,145,479,624,163,53,95,103,190,773
Eddie House,PG,30,BOS,81,0,1479,249,560,0.445,151,340,0.444,98,220,0.445,0.579,42,53,0.792,11,146,157,92,61,7,55,113,691
Dwight Howard,C,23,ORL,79,79,2821,560,979,0.5720000000000001,0,2,0.0,560,977,0.573,0.5720000000000001,504,849,0.594,336,757,1093,112,77,231,240,270,1624
Josh Howard,SF,28,DAL,52,51,1663,353,783,0.451,58,168,0.345,295,615,0.48,0.488,172,220,0.782,59,204,263,83,55,30,89,135,936
Juwan Howard,SF-PF,35,TOT,42,2,472,75,147,0.51,0,0,0.0,75,147,0.51,0.51,23,34,0.6759999999999999,30,46,76,26,7,6,26,71,173
Larry Hughes,SF-SG,30,TOT,55,20,1479,224,557,0.402,75,193,0.389,149,364,0.409,0.469,117,145,0.807,16,143,159,119,72,14,71,96,640
Kris Humphries,SF,23,TOR,29,0,265,38,90,0.42200000000000004,0,0,0.0,38,90,0.42200000000000004,0.42200000000000004,38,48,0.792,24,46,70,10,8,6,8,31,114
Lindsey Hunter,PG,38,CHI,28,0,266,27,82,0.32899999999999996,16,48,0.33299999999999996,11,34,0.324,0.42700000000000005,3,5,0.6,2,10,12,37,20,1,19,28,73
Othello Hunter,PF,22,ATL,16,0,92,11,20,0.55,0,0,0.0,11,20,0.55,0.55,0,5,0.0,9,15,24,1,2,5,2,11,22
Andre Iguodala,SF,25,PHI,82,82,3269,542,1147,0.473,80,261,0.307,462,886,0.521,0.507,377,521,0.7240000000000001,92,379,471,434,131,36,222,152,1541
Zydrunas Ilgauskas,C,33,CLE,65,65,1765,342,724,0.47200000000000003,15,39,0.385,327,685,0.47700000000000004,0.483,139,174,0.799,157,333,490,64,28,84,90,183,838
Didier Ilunga-Mbenga,C,28,LAL,23,0,181,27,57,0.474,0,1,0.0,27,56,0.48200000000000004,0.474,7,8,0.875,9,22,31,9,10,24,13,33,61
Allen Iverson*,PG-SG,33,TOT,57,53,2093,348,834,0.41700000000000004,28,99,0.28300000000000003,320,735,0.435,0.434,271,347,0.7809999999999999,30,143,173,283,88,6,146,86,995
Royal Ivey,SG,27,PHI,71,0,861,69,208,0.332,39,114,0.342,30,94,0.319,0.425,34,43,0.7909999999999999,19,57,76,43,36,7,23,76,211
Jarrett Jack,SG,25,IND,82,53,2716,386,853,0.45299999999999996,78,221,0.353,308,632,0.48700000000000004,0.498,224,263,0.852,44,232,276,338,88,17,184,179,1074
Bobby Jackson,PG,35,SAC,71,10,1484,193,485,0.39799999999999996,60,197,0.305,133,288,0.462,0.46,86,101,0.851,42,158,200,143,62,4,66,100,532
Darnell Jackson,PF,23,CLE,51,2,430,37,86,0.43,0,2,0.0,37,84,0.44,0.43,24,35,0.6859999999999999,32,55,87,8,10,4,14,77,98
Stephen Jackson,SF,30,GSW,59,59,2339,413,997,0.414,103,305,0.33799999999999997,310,692,0.44799999999999995,0.466,294,356,0.826,70,233,303,381,88,31,229,153,1223
Jerome James,C,33,NYK,2,0,10,3,8,0.375,0,0,0.0,3,8,0.375,0.375,0,0,0.0,1,2,3,0,1,1,1,2,6
LeBron James,SF,24,CLE,81,81,3054,789,1613,0.489,132,384,0.344,657,1229,0.535,0.53,594,762,0.78,106,507,613,587,137,93,241,139,2304
Mike James,PG,33,TOT,61,50,1649,197,514,0.38299999999999995,69,184,0.375,128,330,0.38799999999999996,0.45,68,82,0.8290000000000001,25,108,133,201,44,6,94,108,531
Antawn Jamison,PF,32,WAS,81,81,3096,674,1441,0.46799999999999997,112,319,0.35100000000000003,562,1122,0.501,0.507,341,452,0.754,196,525,721,153,95,25,125,218,1801
Marko Jarić,SG,30,MEM,53,0,605,48,145,0.331,11,28,0.39299999999999996,37,117,0.316,0.369,29,41,0.7070000000000001,23,42,65,74,29,11,49,62,136
Nathan Jawai,PF,22,TOR,6,0,19,1,4,0.25,0,0,0.0,1,4,0.25,0.25,0,0,0.0,1,1,2,0,0,0,2,3,2
Al Jefferson,C,24,MIN,50,50,1836,485,975,0.49700000000000005,0,4,0.0,485,971,0.499,0.49700000000000005,186,252,0.738,172,376,548,79,39,83,92,141,1156
Dontell Jefferson,SG,25,CHA,6,0,84,11,22,0.5,1,2,0.5,10,20,0.5,0.523,6,9,0.667,1,11,12,9,4,1,6,9,29
Richard Jefferson,SF,28,MIL,82,82,2939,537,1222,0.439,116,292,0.397,421,930,0.45299999999999996,0.48700000000000004,417,518,0.805,57,317,374,199,66,14,165,252,1607
Jared Jeffries,SF,27,NYK,56,36,1310,120,273,0.44,1,12,0.083,119,261,0.456,0.441,55,90,0.611,128,103,231,80,47,33,65,153,296
Yi Jianlian,PF,21,NJN,61,52,1421,191,500,0.382,48,140,0.34299999999999997,143,360,0.397,0.43,95,123,0.772,67,259,326,60,29,36,70,157,525
Amir Johnson,PF,21,DET,62,24,911,97,163,0.595,0,0,0.0,97,163,0.595,0.595,23,35,0.657,102,130,232,20,20,60,33,171,217
Anthony Johnson,PG,34,ORL,80,12,1481,154,381,0.40399999999999997,52,133,0.391,102,248,0.41100000000000003,0.47200000000000003,61,81,0.753,29,118,147,200,46,5,82,111,421
Joe Johnson,SG,27,ATL,79,79,3124,620,1420,0.43700000000000006,149,414,0.36,471,1006,0.46799999999999997,0.489,299,362,0.826,65,281,346,455,84,19,195,176,1688
Linton Johnson,PF,28,TOT,10,0,55,4,11,0.364,1,2,0.5,3,9,0.33299999999999996,0.409,0,0,0.0,3,5,8,2,1,0,2,7,9
Trey Johnson,SG,24,CLE,4,0,14,0,5,0.0,0,0,0.0,0,5,0.0,0.0,4,4,1.0,0,1,1,0,0,0,1,4,4
Dahntay Jones,SG,28,DEN,79,71,1426,154,336,0.45799999999999996,11,17,0.647,143,319,0.44799999999999995,0.475,110,151,0.728,58,110,168,78,49,19,68,199,429
Damon Jones,PG,32,MIL,18,0,108,11,34,0.324,11,28,0.39299999999999996,0,6,0.0,0.485,0,0,0.0,0,6,6,7,3,0,6,4,33
Dwayne Jones,PF,25,CHA,6,0,52,4,7,0.5710000000000001,0,0,0.0,4,7,0.5710000000000001,0.5710000000000001,4,6,0.667,6,6,12,0,0,1,4,6,12
Fred Jones,SF,29,LAC,52,21,1495,129,317,0.40700000000000003,54,147,0.36700000000000005,75,170,0.441,0.49200000000000005,66,81,0.815,23,103,126,188,53,11,66,112,378
James Jones,SF,28,MIA,40,1,630,55,149,0.369,33,96,0.344,22,53,0.415,0.48,26,31,0.8390000000000001,12,50,62,20,12,14,12,58,169
Solomon Jones,C,24,ATL,63,0,675,67,111,0.604,1,2,0.5,66,109,0.606,0.608,53,74,0.716,52,90,142,15,7,34,27,125,188
DeAndre Jordan,C,20,LAC,53,13,771,93,147,0.633,0,0,0.0,93,147,0.633,0.633,42,109,0.385,72,165,237,11,11,59,41,96,228
Chris Kaman,C,26,LAC,31,24,921,161,305,0.528,0,0,0.0,161,305,0.528,0.528,51,75,0.68,75,172,247,46,17,45,84,93,373
Jason Kapono,SG,27,TOR,80,12,1831,261,604,0.43200000000000005,98,229,0.428,163,375,0.435,0.513,34,42,0.81,26,137,163,105,22,3,70,144,654
Jason Kidd*,PG,35,DAL,81,81,2886,257,618,0.41600000000000004,131,323,0.406,126,295,0.42700000000000005,0.522,86,105,0.8190000000000001,85,415,500,702,160,39,185,168,731
Tarence Kinsey,SG,24,CLE,50,3,277,31,69,0.449,7,18,0.389,24,51,0.47100000000000003,0.5,33,38,0.868,10,28,38,10,12,0,22,34,102
Andrei Kirilenko,PF,27,UTA,67,10,1831,256,570,0.449,20,73,0.27399999999999997,236,497,0.475,0.467,244,311,0.785,84,235,319,175,83,77,121,127,776
Linas Kleiza,SF,24,DEN,82,7,1824,289,646,0.447,87,267,0.326,202,379,0.5329999999999999,0.515,148,204,0.725,92,235,327,64,31,14,82,155,813
Brevin Knight,PG,33,UTA,74,0,938,66,189,0.349,0,6,0.0,66,183,0.361,0.349,48,64,0.75,13,75,88,190,68,4,66,98,180
Kyle Korver,SF,27,UTA,78,2,1874,245,560,0.43799999999999994,103,267,0.386,142,293,0.485,0.529,112,127,0.882,35,223,258,137,47,30,90,170,705
Kosta Koufos,C,19,UTA,48,7,565,94,185,0.508,0,0,0.0,94,185,0.508,0.508,36,51,0.706,50,88,138,20,12,31,26,70,224
Nenad Krstić,C,25,OKC,46,29,1141,191,407,0.469,0,0,0.0,191,407,0.469,0.469,63,79,0.797,85,168,253,29,21,49,45,114,445
Rob Kurz,SF,23,GSW,40,5,442,51,131,0.389,15,38,0.395,36,93,0.387,0.447,40,50,0.8,33,48,81,20,14,19,16,78,157
Carl Landry,PF,25,HOU,69,0,1467,240,418,0.574,1,3,0.33299999999999996,239,415,0.5760000000000001,0.575,157,193,0.813,124,219,343,39,26,31,68,166,638
Acie Law,PG,24,ATL,55,1,560,52,139,0.374,9,29,0.31,43,110,0.391,0.406,49,60,0.8170000000000001,6,52,58,86,11,3,29,43,162
Courtney Lee,SG,23,ORL,77,42,1939,243,540,0.45,82,203,0.40399999999999997,161,337,0.478,0.526,78,94,0.83,18,160,178,91,76,14,69,157,646
David Lee,C,25,NYK,81,74,2824,522,951,0.5489999999999999,0,3,0.0,522,948,0.551,0.5489999999999999,249,330,0.755,256,695,951,174,80,22,150,260,1293
Rashard Lewis,PF,29,ORL,79,79,2859,478,1089,0.439,220,554,0.397,258,535,0.48200000000000004,0.54,225,269,0.836,92,361,453,205,81,51,158,194,1401
Shaun Livingston,PG,23,TOT,12,1,231,31,60,0.517,0,0,0.0,31,60,0.517,0.517,9,10,0.9,3,25,28,20,7,2,9,12,71
Brook Lopez,C,20,NJN,82,75,2501,448,844,0.531,0,2,0.0,448,842,0.532,0.531,172,217,0.7929999999999999,225,440,665,86,44,151,147,257,1068
Robin Lopez,C,20,PHO,60,7,614,71,137,0.518,0,1,0.0,71,136,0.522,0.518,47,68,0.691,52,66,118,8,11,41,28,97,189
Kevin Love,C,20,MIN,81,37,2048,316,688,0.45899999999999996,2,19,0.105,314,669,0.469,0.461,265,336,0.789,274,460,734,84,35,50,118,205,899
Kyle Lowry,PG,22,TOT,77,21,1679,189,434,0.435,25,98,0.255,164,336,0.488,0.46399999999999997,181,226,0.8009999999999999,26,163,189,275,69,17,117,146,584
Tyronn Lue,PG,31,TOT,44,0,521,71,162,0.43799999999999994,27,62,0.435,44,100,0.44,0.522,14,19,0.737,6,40,46,60,8,0,23,54,183
Mark Madsen,C,33,MIN,19,1,116,3,14,0.214,0,0,0.0,3,14,0.214,0.214,0,4,0.0,10,8,18,4,1,1,3,18,6
Corey Maggette,PF,29,GSW,51,19,1588,292,634,0.461,24,95,0.253,268,539,0.49700000000000005,0.479,342,415,0.8240000000000001,49,233,282,92,44,8,120,192,950
Jamaal Magloire,C,30,MIA,55,12,709,65,131,0.496,0,0,0.0,65,131,0.496,0.496,29,60,0.483,82,140,222,22,11,25,32,121,159
Stephon Marbury,PG,31,BOS,23,4,414,38,111,0.342,6,25,0.24,32,86,0.37200000000000005,0.369,6,13,0.462,2,26,28,75,10,3,37,34,88
Shawn Marion,SF,30,TOT,69,68,2470,382,788,0.485,10,53,0.18899999999999997,372,735,0.506,0.491,117,147,0.7959999999999999,180,409,589,139,88,66,105,132,891
Sean Marks,C,33,NOH,60,5,838,80,165,0.485,2,10,0.2,78,155,0.503,0.491,30,44,0.682,62,125,187,14,7,33,35,121,192
Donyell Marshall,PF,35,PHI,25,0,189,33,73,0.452,25,55,0.455,8,18,0.444,0.623,3,6,0.5,6,34,40,15,4,5,6,24,94
Cartier Martin,SF,24,CHA,33,1,266,28,77,0.364,10,33,0.303,18,44,0.409,0.429,20,25,0.8,7,26,33,13,8,4,9,33,86
Kenyon Martin,PF,31,DEN,66,66,2111,318,648,0.491,14,38,0.368,304,610,0.498,0.502,119,197,0.604,81,314,395,132,96,74,104,201,769
Kevin Martin,SG,25,SAC,51,46,1947,341,811,0.42,115,277,0.415,226,534,0.423,0.491,457,527,0.867,29,154,183,138,61,8,146,116,1254
Desmond Mason,SG,31,OKC,39,19,1064,124,285,0.435,0,3,0.0,124,282,0.44,0.435,46,85,0.541,41,116,157,46,15,30,56,96,294
Roger Mason,SG,28,SAS,82,71,2496,349,822,0.425,166,394,0.42100000000000004,183,428,0.428,0.526,105,118,0.89,16,235,251,173,40,12,100,160,969
Jason Maxiell,C,25,DET,78,4,1408,184,320,0.575,0,1,0.0,184,319,0.5770000000000001,0.575,84,158,0.532,169,155,324,24,25,63,45,157,452
Sean May,PF,24,CHA,24,12,301,39,98,0.39799999999999996,1,1,1.0,38,97,0.392,0.40299999999999997,14,20,0.7,20,49,69,10,5,4,26,32,93
O.J. Mayo,SG,21,MEM,82,82,3120,562,1283,0.43799999999999994,145,378,0.384,417,905,0.461,0.495,247,281,0.879,56,252,308,262,91,13,226,204,1516
Luc Mbah a Moute,PF,22,MIL,82,52,2114,227,491,0.462,0,4,0.0,227,487,0.466,0.462,140,192,0.7290000000000001,189,298,487,87,87,45,100,204,594
Rashad McCants,SG,24,TOT,58,3,1101,192,488,0.39299999999999996,63,189,0.33299999999999996,129,299,0.431,0.45799999999999996,107,141,0.759,21,89,110,68,47,14,64,103,554
Antonio McDyess,PF,34,DET,62,30,1866,268,525,0.51,0,0,0.0,268,525,0.51,0.51,60,86,0.698,185,422,607,83,41,50,51,191,596
JaVale McGee,C,21,WAS,75,14,1143,191,387,0.494,0,0,0.0,191,387,0.494,0.494,107,162,0.66,120,174,294,23,33,75,61,155,489
Tracy McGrady*,SG,29,HOU,35,35,1181,188,485,0.38799999999999996,44,117,0.376,144,368,0.391,0.433,125,156,0.8009999999999999,20,134,154,175,42,15,69,38,545
Dominic McGuire,SF,23,WAS,79,57,2072,140,324,0.43200000000000005,2,4,0.5,138,320,0.431,0.435,74,102,0.725,113,315,428,198,62,74,92,153,356
Josh McRoberts,PF,21,IND,33,0,279,35,83,0.42200000000000004,0,10,0.0,35,73,0.479,0.42200000000000004,10,13,0.769,26,48,74,16,12,16,12,41,80
Pops Mensah-Bonsu,PF,25,TOT,22,0,283,39,103,0.379,0,2,0.0,39,101,0.386,0.379,33,48,0.688,55,58,113,6,9,5,19,43,111
Chris Mihm,C,29,LAL,18,0,105,15,40,0.375,0,0,0.0,15,40,0.375,0.375,6,7,0.857,15,19,34,10,1,6,10,23,36
C.J. Miles,SG,21,UTA,72,72,1623,258,562,0.45899999999999996,63,179,0.35200000000000004,195,383,0.509,0.515,78,89,0.8759999999999999,45,122,167,107,46,15,64,187,657
Darius Miles,SF,27,MEM,34,0,298,48,99,0.485,1,6,0.16699999999999998,47,93,0.505,0.49,23,31,0.742,19,38,57,17,11,20,21,32,120
Darko Miličić,C,23,MEM,61,15,1034,137,266,0.515,0,0,0.0,137,266,0.515,0.515,59,105,0.562,83,181,264,34,22,51,48,134,333
Andre Miller,PG,32,PHI,82,82,2976,492,1041,0.473,15,53,0.28300000000000003,477,988,0.483,0.48,338,409,0.826,123,245,368,534,109,14,199,196,1337
Brad Miller,C,32,TOT,70,43,2100,292,614,0.47600000000000003,23,56,0.41100000000000003,269,558,0.48200000000000004,0.494,224,272,0.8240000000000001,150,395,545,234,52,36,130,223,831
Mike Miller,SF,28,MIN,73,47,2356,264,548,0.48200000000000004,85,225,0.37799999999999995,179,323,0.5539999999999999,0.5589999999999999,109,149,0.732,73,410,483,326,30,31,145,139,722
Paul Millsap,PF,23,UTA,76,38,2290,400,749,0.534,0,4,0.0,400,745,0.537,0.534,228,326,0.6990000000000001,251,403,654,138,78,73,129,288,1028
Yao Ming*,C,28,HOU,77,77,2589,566,1032,0.5479999999999999,1,1,1.0,565,1031,0.5479999999999999,0.5489999999999999,381,440,0.866,204,557,761,137,30,150,234,257,1514
Cuttino Mobley,SG,33,LAC,11,11,365,63,146,0.43200000000000005,12,35,0.34299999999999997,51,111,0.45899999999999996,0.473,13,18,0.722,9,20,29,12,15,2,18,21,151
Nazr Mohammed,C,31,CHA,39,1,341,41,101,0.406,0,0,0.0,41,101,0.406,0.406,22,40,0.55,35,44,79,8,5,16,23,63,104
Jamario Moon,SF,28,TOT,80,60,2068,222,474,0.46799999999999997,65,183,0.355,157,291,0.54,0.537,68,80,0.85,58,307,365,95,86,60,43,133,577
Mikki Moore,PF-C,33,TOT,70,20,1202,114,206,0.5529999999999999,0,0,0.0,114,206,0.5529999999999999,0.5529999999999999,48,61,0.787,76,182,258,53,17,19,48,208,276
Randolph Morris,C,23,ATL,23,0,89,7,17,0.41200000000000003,0,0,0.0,7,17,0.41200000000000003,0.41200000000000003,4,4,1.0,4,16,20,2,2,1,7,25,18
Adam Morrison,SF,24,TOT,52,5,711,80,223,0.359,32,96,0.33299999999999996,48,127,0.37799999999999995,0.43,17,23,0.7390000000000001,18,62,80,41,9,4,32,77,209
Anthony Morrow,SG,23,GSW,67,17,1515,255,534,0.478,86,184,0.467,169,350,0.483,0.5579999999999999,80,92,0.87,78,121,199,80,36,12,52,130,676
Troy Murphy,PF,28,IND,73,73,2482,364,767,0.475,161,358,0.45,203,409,0.496,0.58,152,184,0.826,146,715,861,172,58,34,114,226,1041
Ronald Murray,SG,29,ATL,80,2,1975,355,795,0.447,87,242,0.36,268,553,0.485,0.501,177,233,0.76,22,146,168,158,88,17,128,173,974
Dikembe Mutombo*,C,42,HOU,9,2,96,5,13,0.385,0,0,0.0,5,13,0.385,0.385,6,9,0.667,12,21,33,0,0,11,6,11,16
Eduardo Nájera,PF,32,NJN,27,0,319,33,74,0.446,5,25,0.2,28,49,0.5710000000000001,0.48,8,22,0.364,17,50,67,19,10,4,18,50,79
Steve Nash*,PG,34,PHO,74,74,2484,428,851,0.503,108,246,0.439,320,605,0.529,0.5660000000000001,196,210,0.9329999999999999,19,204,223,717,55,10,248,108,1160
DeMarcus Nelson,PG,23,GSW,13,5,171,24,54,0.444,0,3,0.0,24,51,0.47100000000000003,0.444,5,14,0.35700000000000004,6,18,24,13,9,2,15,24,53
Jameer Nelson,PG,26,ORL,42,42,1309,267,531,0.503,82,181,0.45299999999999996,185,350,0.529,0.58,86,97,0.887,20,125,145,226,51,3,83,123,702
Rasho Nesterović,C,32,IND,70,19,1214,224,437,0.513,0,1,0.0,224,436,0.514,0.513,25,32,0.7809999999999999,93,147,240,109,30,38,63,171,473
Demetris Nichols,SF,24,TOT,4,0,14,3,9,0.33299999999999996,0,2,0.0,3,7,0.429,0.33299999999999996,1,2,0.5,0,2,2,1,0,1,0,1,7
Joakim Noah,C,23,CHI,80,55,1938,207,372,0.556,0,1,0.0,207,371,0.5579999999999999,0.556,123,182,0.6759999999999999,244,362,606,106,49,110,82,238,537
Andrés Nocioni,PF-SF,29,TOT,76,18,1991,299,701,0.42700000000000005,124,311,0.39899999999999997,175,390,0.449,0.515,145,183,0.792,54,307,361,102,39,33,113,261,867
Steve Novak,PF,25,LAC,71,3,1161,176,396,0.444,119,286,0.41600000000000004,57,110,0.518,0.595,21,23,0.9129999999999999,19,106,125,40,20,5,23,71,492
Dirk Nowitzki,PF,30,DAL,81,81,3050,774,1616,0.479,61,170,0.359,713,1446,0.493,0.498,485,545,0.89,88,593,681,197,61,63,157,176,2094
Patrick O'Bryant,C,22,TOT,39,3,255,45,84,0.536,0,2,0.0,45,82,0.5489999999999999,0.536,11,20,0.55,13,53,66,11,6,19,22,61,101
Jermaine O'Neal,C,30,TOT,68,61,2027,365,770,0.474,0,1,0.0,365,769,0.475,0.474,175,222,0.7879999999999999,126,307,433,122,29,136,144,211,905
Shaquille O'Neal*,C,36,PHO,75,75,2252,512,841,0.609,0,1,0.0,512,840,0.61,0.609,309,519,0.595,187,446,633,126,49,108,168,253,1333
Fabricio Oberto,C,33,SAS,54,11,677,61,104,0.5870000000000001,0,1,0.0,61,103,0.5920000000000001,0.5870000000000001,20,35,0.5710000000000001,65,77,142,59,7,11,38,95,142
Greg Oden,C,21,POR,61,39,1314,198,351,0.564,0,0,0.0,198,351,0.564,0.564,144,226,0.637,169,255,424,31,25,69,87,238,540
Lamar Odom,PF,29,LAL,78,32,2316,346,703,0.49200000000000005,33,103,0.32,313,600,0.522,0.516,160,257,0.623,176,461,637,204,77,98,138,235,885
Emeka Okafor,C,26,CHA,82,81,2691,433,772,0.561,0,0,0.0,433,772,0.561,0.561,219,369,0.593,275,552,827,53,48,136,144,247,1085
Mehmet Okur,C,29,UTA,72,72,2409,431,888,0.485,90,202,0.446,341,686,0.49700000000000005,0.536,273,334,0.8170000000000001,124,433,557,120,54,53,132,219,1225
Kevin Ollie,PG,36,MIN,50,21,850,61,150,0.40700000000000003,0,1,0.0,61,149,0.409,0.40700000000000003,80,96,0.833,13,62,75,117,19,4,34,79,202
Travis Outlaw,SF,24,POR,81,6,2246,385,850,0.45299999999999996,89,236,0.377,296,614,0.48200000000000004,0.505,175,242,0.723,70,261,331,83,47,57,94,168,1034
Zaza Pachulia,C,24,ATL,77,26,1473,159,320,0.49700000000000005,0,3,0.0,159,317,0.502,0.49700000000000005,163,230,0.7090000000000001,173,263,436,57,35,26,91,208,481
Anthony Parker,SG,33,TOR,80,71,2637,321,754,0.426,94,241,0.39,227,513,0.442,0.488,121,145,0.8340000000000001,45,272,317,269,100,15,114,145,857
Tony Parker,PG,26,SAS,72,71,2456,639,1263,0.506,19,65,0.292,620,1198,0.518,0.513,284,363,0.782,27,196,223,496,67,4,186,110,1581
Chris Paul,PG,23,NOH,78,78,3002,631,1255,0.503,64,176,0.364,567,1079,0.525,0.528,455,524,0.868,69,363,432,861,216,10,231,212,1781
Sasha Pavlović,SF,25,CLE,66,12,1053,116,275,0.42200000000000004,48,117,0.41,68,158,0.43,0.509,25,54,0.46299999999999997,31,96,127,72,22,16,48,122,305
Oleksiy Pecherov,C,23,WAS,32,0,277,39,101,0.386,14,43,0.326,25,58,0.431,0.455,24,29,0.828,35,41,76,2,6,3,10,34,116
Kendrick Perkins,C,24,BOS,76,76,2253,276,478,0.5770000000000001,0,2,0.0,276,476,0.58,0.5770000000000001,96,160,0.6,204,415,619,96,22,150,165,253,648
Morris Peterson,SG,31,NOH,43,9,515,73,183,0.39899999999999997,33,85,0.38799999999999996,40,98,0.408,0.489,12,19,0.632,13,71,84,16,15,2,15,51,191
Johan Petro,C,23,TOT,49,22,559,73,176,0.415,0,2,0.0,73,174,0.42,0.415,16,29,0.552,42,116,158,16,19,15,28,107,162
Paul Pierce,SF,31,BOS,81,81,3035,540,1181,0.457,119,304,0.391,421,877,0.48,0.508,459,553,0.83,56,401,457,294,80,27,228,215,1658
Mickaël Piétrus,SG,26,ORL,54,25,1329,176,426,0.413,80,223,0.359,96,203,0.473,0.507,78,110,0.7090000000000001,44,132,176,65,31,24,56,126,510
James Posey,SG,32,NOH,75,0,2140,216,524,0.41200000000000003,116,314,0.369,100,210,0.47600000000000003,0.523,120,146,0.8220000000000001,38,324,362,82,58,21,79,216,668
Leon Powe,PF,25,BOS,70,7,1227,177,338,0.524,0,0,0.0,177,338,0.524,0.524,184,267,0.6890000000000001,145,200,345,46,24,38,76,192,538
Josh Powell,PF,26,LAL,60,1,703,106,239,0.444,0,0,0.0,106,239,0.444,0.444,38,50,0.76,71,105,176,27,9,17,51,98,250
Ronnie Price,PG,25,UTA,52,17,738,77,203,0.379,19,61,0.311,58,142,0.408,0.426,34,45,0.7559999999999999,12,57,69,108,39,5,61,74,207
Tayshaun Prince,SF,28,DET,82,82,3057,459,1020,0.45,56,141,0.397,403,879,0.45799999999999996,0.47700000000000004,189,243,0.778,128,348,476,253,44,51,101,104,1163
Gabe Pruitt,SG,22,BOS,47,0,366,31,101,0.307,14,48,0.292,17,53,0.321,0.376,17,21,0.81,9,34,43,39,15,3,19,34,93
Joel Przybilla,C,29,POR,82,43,1952,168,269,0.625,0,1,0.0,168,268,0.627,0.625,112,169,0.6629999999999999,204,513,717,27,34,97,78,215,448
Chris Quinn,PG,25,MIA,66,0,962,118,289,0.408,56,137,0.409,62,152,0.408,0.505,47,58,0.81,8,67,75,132,24,2,33,79,339
Vladimir Radmanović,SF,28,TOT,78,31,1445,196,466,0.42100000000000004,105,262,0.401,91,204,0.446,0.5329999999999999,43,58,0.741,45,177,222,81,46,15,98,111,540
Anthony Randolph,PF,19,GSW,63,22,1129,199,431,0.462,0,4,0.0,199,427,0.466,0.462,101,141,0.716,128,235,363,49,42,74,80,141,499
Shavlik Randolph,PF,25,POR,10,0,37,8,13,0.615,1,1,1.0,7,12,0.583,0.654,1,4,0.25,10,8,18,0,0,1,6,4,18
Zach Randolph,PF-C,27,TOT,50,45,1757,415,873,0.475,32,97,0.33,383,776,0.494,0.494,179,244,0.7340000000000001,157,347,504,103,43,16,114,133,1041
Theo Ratliff,C,35,PHI,46,0,579,34,64,0.531,0,0,0.0,34,64,0.531,0.531,21,35,0.6,46,82,128,9,17,47,14,77,89
Michael Redd,SG,29,MIL,33,32,1203,249,547,0.455,70,191,0.366,179,356,0.503,0.519,131,161,0.8140000000000001,24,83,107,88,35,2,53,45,699
J.J. Redick,SG,24,ORL,64,5,1111,117,299,0.391,67,179,0.374,50,120,0.41700000000000004,0.503,81,93,0.871,8,101,109,73,21,1,54,72,382
Jason Richardson,SG,28,TOT,72,71,2410,465,974,0.47700000000000004,129,325,0.397,336,649,0.518,0.544,153,199,0.769,77,242,319,146,76,28,95,146,1212
Jeremy Richardson,SF,24,ORL,12,0,93,14,49,0.28600000000000003,6,17,0.353,8,32,0.25,0.34700000000000003,3,6,0.5,1,13,14,3,0,0,3,6,37
Quentin Richardson,SG,28,NYK,72,51,1894,262,667,0.39299999999999996,120,329,0.365,142,338,0.42,0.483,89,117,0.7609999999999999,71,248,319,117,47,7,74,132,733
Luke Ridnour,PG,27,MIL,72,50,2033,250,621,0.40299999999999997,55,157,0.35,195,464,0.42,0.447,133,153,0.8690000000000001,33,185,218,365,92,16,128,200,688
Anthony Roberson,PG,25,TOT,29,0,276,44,120,0.36700000000000005,26,81,0.321,18,39,0.462,0.475,5,5,1.0,6,16,22,20,10,1,8,18,119
Nate Robinson,PG,24,NYK,74,11,2209,449,1028,0.43700000000000006,125,385,0.325,324,643,0.504,0.498,249,296,0.841,98,192,290,301,95,6,139,206,1272
Sergio Rodríguez,PG,22,POR,80,13,1225,129,329,0.392,37,114,0.325,92,215,0.428,0.44799999999999995,61,77,0.792,43,87,130,286,54,2,119,133,356
Rajon Rondo,PG,22,BOS,80,80,2642,383,759,0.505,15,48,0.313,368,711,0.518,0.514,172,268,0.642,100,316,416,659,149,11,209,193,953
Derrick Rose,PG,20,CHI,81,80,3000,574,1208,0.475,16,72,0.222,558,1136,0.491,0.48200000000000004,197,250,0.7879999999999999,96,221,317,512,66,18,202,125,1361
Malik Rose,SF-PF,34,TOT,38,0,470,45,131,0.344,0,7,0.0,45,124,0.363,0.344,40,51,0.784,17,79,96,36,10,3,36,72,130
Quinton Ross,SF,27,MEM,68,7,1164,99,259,0.382,33,88,0.375,66,171,0.386,0.446,34,42,0.81,29,97,126,47,32,14,36,114,265
Brandon Roy,SG,24,POR,78,78,2903,633,1318,0.48,83,220,0.377,550,1098,0.501,0.512,416,505,0.8240000000000001,104,266,370,400,88,22,152,127,1765
Michael Ruffin,PF,32,POR,11,0,35,2,7,0.28600000000000003,0,0,0.0,2,7,0.28600000000000003,0.28600000000000003,2,2,1.0,6,5,11,0,3,1,2,7,6
Brandon Rush,SG,23,IND,75,19,1803,243,575,0.423,78,209,0.373,165,366,0.451,0.49,46,66,0.6970000000000001,34,199,233,66,38,37,75,128,610
Kareem Rush,SG,28,PHI,25,1,199,20,58,0.345,10,33,0.303,10,25,0.4,0.431,4,4,1.0,0,15,15,15,5,1,10,10,54
John Salmons,SF,29,TOT,79,74,2959,516,1093,0.47200000000000003,126,302,0.41700000000000004,390,791,0.493,0.53,288,347,0.83,59,274,333,249,83,24,165,182,1446
Cheikh Samb,C,24,TOT,18,0,83,6,32,0.188,0,3,0.0,6,29,0.207,0.188,3,7,0.429,10,14,24,1,3,10,3,7,15
Brian Scalabrine,C,30,BOS,39,8,504,48,114,0.42100000000000004,24,61,0.39299999999999996,24,53,0.45299999999999996,0.526,16,18,0.889,7,43,50,18,7,10,12,73,136
Luis Scola,PF,28,HOU,82,82,2488,424,799,0.531,0,3,0.0,424,796,0.5329999999999999,0.531,196,258,0.76,200,520,720,123,68,11,123,261,1044
Thabo Sefolosha,SF-SG,24,TOT,66,36,1453,152,357,0.426,24,87,0.276,128,270,0.474,0.45899999999999996,61,73,0.836,54,188,242,111,75,45,64,104,389
Mouhamed Sene,C,22,TOT,6,0,29,6,9,0.667,0,0,0.0,6,9,0.667,0.667,8,10,0.8,5,9,14,0,1,3,4,2,20
Ramon Sessions,PG,22,MIL,79,39,2173,345,775,0.445,6,34,0.17600000000000002,339,741,0.457,0.449,281,354,0.794,64,205,269,452,83,7,152,158,977
Walter Sharpe,PF,22,DET,8,0,20,4,11,0.364,0,2,0.0,4,9,0.444,0.364,0,2,0.0,0,3,3,0,0,2,0,3,8
Bobby Simmons,SF,28,NJN,71,44,1729,198,441,0.449,117,262,0.447,81,179,0.45299999999999996,0.5820000000000001,43,58,0.741,72,205,277,92,50,10,62,186,556
Cedric Simmons,PF,23,TOT,18,0,84,11,25,0.44,0,0,0.0,11,25,0.44,0.44,7,16,0.43799999999999994,5,11,16,2,1,4,2,8,29
Courtney Sims,C,25,TOT,2,0,13,3,6,0.5,0,0,0.0,3,6,0.5,0.5,0,0,0.0,2,2,4,0,0,0,1,1,6
Sean Singletary,PG,23,TOT,37,2,303,31,85,0.365,10,25,0.4,21,60,0.35,0.424,18,21,0.857,10,25,35,29,11,0,23,45,90
James Singleton,PF,27,DAL,62,6,884,117,221,0.529,13,40,0.325,104,181,0.575,0.5589999999999999,67,78,0.8590000000000001,89,161,250,17,26,28,36,110,314
Brian Skinner,PF,32,LAC,51,21,843,92,205,0.449,0,2,0.0,92,203,0.45299999999999996,0.449,30,47,0.638,72,131,203,27,17,52,43,94,214
Craig Smith,PF,25,MIN,74,31,1460,289,514,0.562,0,1,0.0,289,513,0.563,0.562,168,248,0.677,98,186,284,79,31,19,105,184,746
J.R. Smith,SG,23,DEN,81,18,2245,424,950,0.446,180,453,0.397,244,497,0.491,0.541,205,272,0.754,43,254,297,227,78,14,150,190,1233
Joe Smith,C,33,TOT,57,3,1102,156,333,0.46799999999999997,3,7,0.429,153,326,0.469,0.473,59,82,0.72,89,174,263,41,17,40,25,122,374
Josh Smith,PF,23,ATL,69,69,2421,418,849,0.49200000000000005,26,87,0.299,392,762,0.514,0.508,211,359,0.588,134,364,498,169,94,111,161,184,1073
Will Solomon,PG,30,TOT,53,9,712,105,245,0.429,28,86,0.326,77,159,0.484,0.486,25,34,0.735,12,52,64,133,27,4,54,71,263
Darius Songaila,C,30,WAS,77,29,1521,243,457,0.532,0,1,0.0,243,456,0.5329999999999999,0.532,80,90,0.889,75,152,227,94,64,20,74,200,566
Marreese Speights,C,21,PHI,79,2,1263,252,502,0.502,2,8,0.25,250,494,0.506,0.504,102,132,0.773,123,170,293,30,27,56,46,181,608
Jerry Stackhouse,SG,34,DAL,10,1,162,16,60,0.267,3,19,0.158,13,41,0.317,0.292,7,7,1.0,5,12,17,12,4,1,9,6,42
DeShawn Stevenson,SG,27,WAS,32,25,886,72,231,0.312,35,129,0.271,37,102,0.363,0.387,32,60,0.5329999999999999,11,65,76,98,21,2,32,43,211
Peja Stojaković,SF,31,NOH,61,59,2089,287,719,0.39899999999999997,145,384,0.37799999999999995,142,335,0.424,0.5,93,104,0.894,44,220,264,75,52,3,51,101,812
Amar'e Stoudemire,PF,26,PHO,53,53,1948,404,749,0.539,3,7,0.429,401,742,0.54,0.541,323,387,0.835,116,314,430,104,49,57,150,163,1134
Rodney Stuckey,PG,22,DET,79,65,2517,401,913,0.439,23,78,0.295,378,835,0.45299999999999996,0.452,233,290,0.8029999999999999,69,206,275,387,78,11,173,217,1058
Robert Swift,C,23,OKC,26,10,343,37,71,0.521,0,0,0.0,37,71,0.521,0.521,12,16,0.75,21,68,89,9,5,17,8,50,86
Stromile Swift,PF,29,TOT,19,0,185,24,56,0.429,1,1,1.0,23,55,0.418,0.43799999999999994,13,26,0.5,16,30,46,3,4,8,16,40,62
Wally Szczerbiak,SF,31,CLE,74,5,1527,179,398,0.45,69,168,0.41100000000000003,110,230,0.478,0.536,90,106,0.8490000000000001,43,189,232,82,28,10,55,130,517
Mike Taylor,PG,23,LAC,51,5,771,110,267,0.41200000000000003,13,40,0.325,97,227,0.42700000000000005,0.436,56,81,0.691,22,65,87,106,36,0,73,84,289
Sebastian Telfair,PG,23,MIN,75,43,2095,267,697,0.38299999999999995,73,211,0.34600000000000003,194,486,0.39899999999999997,0.435,131,160,0.8190000000000001,32,95,127,343,73,12,146,184,738
Jason Terry,SG,31,DAL,74,11,2491,541,1168,0.46299999999999997,167,456,0.366,374,712,0.525,0.535,198,225,0.88,39,138,177,251,97,20,119,141,1447
Etan Thomas,C,30,WAS,26,7,306,32,66,0.485,0,0,0.0,32,66,0.485,0.485,16,23,0.696,25,41,66,6,3,18,18,35,80
Kenny Thomas,PF,31,SAC,8,0,62,3,8,0.375,0,0,0.0,3,8,0.375,0.375,0,0,0.0,4,11,15,1,6,1,1,9,6
Kurt Thomas,PF,36,SAS,79,10,1404,153,304,0.503,0,2,0.0,153,302,0.507,0.503,37,45,0.8220000000000001,134,271,405,66,34,58,42,170,343
Tim Thomas,PF,31,TOT,64,6,1247,189,438,0.43200000000000005,78,189,0.413,111,249,0.446,0.521,89,121,0.736,42,159,201,68,31,11,70,144,545
Tyrus Thomas,PF,22,CHI,79,61,2175,308,683,0.451,3,9,0.33299999999999996,305,674,0.45299999999999996,0.45299999999999996,238,304,0.7829999999999999,148,360,508,77,91,151,129,220,857
Jason Thompson,PF,22,SAC,82,56,2303,356,717,0.49700000000000005,0,8,0.0,356,709,0.502,0.49700000000000005,198,286,0.6920000000000001,234,372,606,93,46,59,146,314,910
Al Thornton,SF,25,LAC,71,67,2654,469,1051,0.446,20,79,0.253,449,972,0.462,0.456,236,313,0.754,122,246,368,103,59,62,130,227,1194
Anthony Tolliver,PF,23,SAS,19,0,208,19,65,0.292,9,41,0.22,10,24,0.41700000000000004,0.36200000000000004,5,10,0.5,12,29,41,17,5,1,7,16,52
Alando Tucker,SG,24,PHO,30,1,282,52,121,0.43,8,23,0.348,44,98,0.449,0.46299999999999997,26,33,0.7879999999999999,19,12,31,12,5,1,14,14,138
Ronny Turiaf,C,26,GSW,79,26,1696,186,366,0.508,0,3,0.0,186,363,0.512,0.508,98,124,0.79,88,272,360,166,34,168,70,243,470
Hedo Türkoğlu,SF,29,ORL,77,77,2815,423,1025,0.413,134,376,0.35600000000000004,289,649,0.445,0.478,314,389,0.807,45,365,410,375,64,19,204,218,1294
Ime Udoka,SF,31,SAS,67,3,1035,110,287,0.38299999999999995,41,125,0.32799999999999996,69,162,0.426,0.455,28,46,0.609,28,159,187,54,36,12,38,86,289
Beno Udrih,PG,26,SAC,73,72,2270,321,696,0.461,35,113,0.31,286,583,0.491,0.486,123,150,0.82,46,174,220,342,81,12,158,192,800
Roko Ukić,PG,24,TOR,72,0,890,123,324,0.38,11,62,0.177,112,262,0.42700000000000005,0.397,44,60,0.733,27,48,75,153,30,2,60,77,301
Anderson Varejão,PF,26,CLE,81,42,2306,270,504,0.536,0,2,0.0,270,502,0.5379999999999999,0.536,154,250,0.616,166,415,581,81,75,66,80,239,694
Jacque Vaughn,PG,33,SAS,30,0,292,24,75,0.32,1,1,1.0,23,74,0.311,0.327,16,18,0.889,4,18,22,55,6,0,15,26,65
Charlie Villanueva,PF,24,MIL,78,47,2095,487,1089,0.447,89,258,0.345,398,831,0.479,0.488,201,240,0.838,154,366,520,137,50,56,138,254,1264
Jake Voskuhl,C,31,TOR,38,1,240,12,45,0.267,0,0,0.0,12,45,0.267,0.267,11,14,0.7859999999999999,21,38,59,8,3,4,17,60,35
Sasha Vujačić,SG,24,LAL,80,0,1293,155,401,0.387,81,223,0.363,74,178,0.41600000000000004,0.488,70,76,0.9209999999999999,19,116,135,113,77,7,35,154,461
Dwyane Wade,SG,27,MIA,79,79,3048,854,1739,0.491,88,278,0.317,766,1461,0.524,0.516,590,771,0.765,89,309,398,589,173,106,272,178,2386
Von Wafer,SG,23,HOU,63,11,1225,229,512,0.447,64,164,0.39,165,348,0.474,0.51,88,117,0.752,19,94,113,71,40,8,59,71,610
Henry Walker,SF,21,BOS,29,0,216,36,58,0.621,0,1,0.0,36,57,0.632,0.621,16,23,0.696,8,21,29,13,6,2,18,51,88
Ben Wallace,PF,34,CLE,56,53,1314,69,155,0.445,0,0,0.0,69,155,0.445,0.445,27,64,0.42200000000000004,136,226,362,44,48,75,34,82,165
Gerald Wallace,SF,26,CHA,71,71,2669,389,811,0.48,39,131,0.298,350,680,0.515,0.504,365,454,0.804,112,441,553,189,121,67,148,210,1182
Rasheed Wallace,C,34,DET,66,63,2123,302,720,0.419,113,319,0.354,189,401,0.47100000000000003,0.498,78,101,0.772,56,434,490,91,62,86,59,197,795
Luke Walton,SF,28,LAL,65,34,1166,134,307,0.436,17,57,0.298,117,250,0.46799999999999997,0.46399999999999997,41,57,0.7190000000000001,55,125,180,177,32,10,69,105,326
Hakim Warrick,PF,26,MEM,82,7,2029,340,693,0.491,5,23,0.217,335,670,0.5,0.494,266,374,0.711,129,277,406,66,48,39,98,170,951
C.J. Watson,PG,24,GSW,77,18,1883,257,562,0.457,48,120,0.4,209,442,0.473,0.5,168,193,0.87,39,153,192,206,96,4,92,137,730
Earl Watson,PG,29,OKC,68,18,1776,174,453,0.384,20,85,0.235,154,368,0.418,0.406,80,106,0.755,36,147,183,391,50,11,156,137,448
Kyle Weaver,SG,22,OKC,56,19,1166,113,246,0.45899999999999996,32,93,0.344,81,153,0.529,0.524,41,58,0.7070000000000001,31,99,130,101,47,25,69,81,299
Martell Webster,SF,22,POR,1,0,5,0,1,0.0,0,1,0.0,0,0,0.0,0.0,0,0,0.0,0,0,0,0,0,0,0,0,0
Sonny Weems,SG,22,DEN,12,0,55,8,25,0.32,0,3,0.0,8,22,0.364,0.32,3,8,0.375,0,4,4,3,1,0,6,8,19
David West,PF,28,NOH,76,76,2982,610,1292,0.47200000000000003,6,25,0.24,604,1267,0.47700000000000004,0.474,367,415,0.884,160,486,646,173,49,68,163,207,1593
Delonte West,SG,25,CLE,64,64,2152,285,624,0.457,91,228,0.39899999999999997,194,396,0.49,0.53,90,108,0.833,31,172,203,226,94,13,92,125,751
Mario West,SG,24,ATL,53,3,269,14,34,0.41200000000000003,1,1,1.0,13,33,0.39399999999999996,0.426,14,30,0.467,24,32,56,19,18,4,13,35,43
Russell Westbrook,PG,20,OKC,82,65,2668,436,1095,0.39799999999999996,35,129,0.271,401,966,0.415,0.414,349,428,0.815,178,221,399,435,110,16,274,191,1256
D.J. White,PF,22,OKC,7,0,130,26,50,0.52,0,0,0.0,26,50,0.52,0.52,10,13,0.769,10,22,32,6,3,5,3,10,62
James White,SF,26,HOU,4,0,11,3,5,0.6,1,2,0.5,2,3,0.667,0.7,0,0,0.0,0,0,0,1,1,1,3,2,7
Chris Wilcox,C,26,TOT,62,6,1049,184,370,0.49700000000000005,0,4,0.0,184,366,0.503,0.49700000000000005,79,140,0.564,96,181,277,47,26,16,75,137,447
Damien Wilkins,SG,29,OKC,41,14,636,77,213,0.36200000000000004,27,72,0.375,50,141,0.355,0.425,37,46,0.804,20,50,70,37,22,7,37,55,218
Deron Williams,PG,24,UTA,68,68,2505,463,984,0.47100000000000003,70,226,0.31,393,758,0.518,0.506,326,384,0.8490000000000001,24,171,195,725,73,20,228,134,1322
Jawad Williams,SF,25,CLE,10,0,20,5,12,0.41700000000000004,2,6,0.33299999999999996,3,6,0.5,0.5,0,0,0.0,1,1,2,0,1,0,1,2,12
Lou Williams,SG,22,PHI,81,0,1919,336,844,0.39799999999999996,63,220,0.28600000000000003,273,624,0.43799999999999994,0.435,304,385,0.79,36,129,165,242,85,14,151,128,1039
Marcus Williams,PG,23,GSW,9,0,54,4,17,0.235,2,6,0.33299999999999996,2,11,0.182,0.294,2,6,0.33299999999999996,0,4,4,13,1,1,4,6,12
Marcus Williams,PF,22,SAS,2,0,3,2,2,1.0,0,0,0.0,2,2,1.0,1.0,0,0,0.0,0,0,0,0,0,0,0,1,4
Marvin Williams,SF,22,ATL,61,59,2093,285,622,0.45799999999999996,55,155,0.355,230,467,0.493,0.502,220,273,0.8059999999999999,110,272,382,81,57,39,70,127,845
Mo Williams,PG,26,CLE,81,81,2834,526,1126,0.467,183,420,0.436,343,706,0.486,0.5479999999999999,208,228,0.912,47,232,279,329,69,9,179,215,1443
Sean Williams,PF,22,NJN,33,0,366,30,72,0.41700000000000004,0,0,0.0,30,72,0.41700000000000004,0.41700000000000004,20,32,0.625,34,45,79,13,7,29,20,72,80
Shawne Williams,SF,22,DAL,15,0,170,16,56,0.28600000000000003,1,17,0.059000000000000004,15,39,0.385,0.295,9,11,0.818,19,27,46,2,2,9,5,19,42
Shelden Williams,PF,25,TOT,45,0,512,70,157,0.446,0,2,0.0,70,155,0.452,0.446,46,63,0.73,49,104,153,12,22,18,34,64,186
Metta World Peace,SF,29,HOU,69,55,2452,416,1037,0.401,153,383,0.39899999999999997,263,654,0.402,0.475,196,262,0.748,65,294,359,229,105,24,140,155,1181
Antoine Wright,SF,24,DAL,65,53,1552,179,431,0.415,45,149,0.302,134,282,0.475,0.46799999999999997,71,95,0.747,31,105,136,77,46,27,54,172,474
Brandan Wright,PF,21,GSW,39,23,688,130,246,0.528,0,4,0.0,130,242,0.537,0.528,63,85,0.741,62,95,157,21,22,37,23,74,323
Dorell Wright,SF,23,MIA,6,0,73,8,20,0.4,0,0,0.0,8,20,0.4,0.4,2,6,0.33299999999999996,2,18,20,2,2,0,6,8,18
Julian Wright,SF,21,NOH,54,19,772,109,234,0.466,2,21,0.095,107,213,0.502,0.47,17,30,0.5670000000000001,46,106,152,43,35,19,43,49,237
Lorenzen Wright,C,33,CLE,17,2,125,10,27,0.37,0,0,0.0,10,27,0.37,0.37,3,8,0.375,7,18,25,3,4,5,9,17,23
Nick Young,SG,23,WAS,82,5,1837,336,756,0.444,56,164,0.341,280,592,0.473,0.48100000000000004,164,193,0.85,31,119,150,95,39,20,92,140,892
Thaddeus Young,PF,20,PHI,75,71,2580,475,960,0.495,56,164,0.341,419,796,0.526,0.524,139,189,0.735,139,238,377,86,100,23,118,165,1145
Sun Yue,SG,23,LAL,10,0,28,3,11,0.273,0,6,0.0,3,5,0.6,0.273,0,0,0.0,0,0,0,2,1,1,3,10,6
